DATE: 2015/05/21 16:47:07
Runtime configuration parameters (those missing from the list have default values):

ViewFriendReqAction: 0
db.driver: com.mitrallc.sql.KosarSoloDriver
ratingmode: false
thinktime: 0
numclients: 12
expectedlatency: 0.1
DeleteCommentOnResourceAction: 0
InviteFrdSession: 0
enablelogging: false
ViewTopKResourcesAction: 0
initialfriendsperuser: 0
initialresourcesperuser: 0
DeleteCmtOnResSession: 0
initapproach: deterministic
zipfianmean: 0.27
useroffset: 0
RejectFriendReqAction: .002
operationcount: 0
db: relational.JdbcDBClient_KOSAR
initialpendingsperuser: 0
requestdistribution: tzipfian
AcceptFriendReqAction: 0.002
friendshipworkload: edu.usc.bg.workloads.FriendshipWorkload
resourceworkload: edu.usc.bg.workloads.ResourceWorkload
benchmarkingmode: retain
friendcountperuser: 0
lockreads: false
machineid: 0
ViewProfileAction: 0.99
threadcount: 10
enforcefriendship: true
InviteFriendAction: 0.004
resourcecountperuser: 0
ViewCommentsOnResourceAction: 0
ThawFrdshipSession: 0
PostCommentOnResourceAction: 0
ThawFriendshipAction: 0.002
numloadthreads: 1
ViewNewsFeedAction: 0
ListFriendsAction: 0
logdir: C:\Users\yaz\Documents\BG\logs
db.passwd: gocosar
exportfile: DistrStats
AcceptFrdReqSession: 0
workloadfile: symmetricworkloadlw
warmup: 1000000
userworkload: edu.usc.bg.workloads.UserWorkload
usercount: 8334
validationapproach: novalidation
ViewSelfProfileSession: 0
db.user: cosar
db.url: kosarsolo:jdbc:oracle:thin:@//10.0.0.65:1521/ORCL
ViewFrdProfileSession: 0
insertimage: false
numsockets: 200
warmupthreads: 10
PostCmtOnResSession: 0
initialmembercount: 100000
clients: 10.0.1.75:55269,10.0.1.65:55269,10.0.1.70:55269,10.0.1.50:55269,10.0.1.40:55269,10.0.1.35:55269,10.0.1.25:55269,10.0.1.15:55269,10.0.1.10:55269,10.0.1.20:55269,10.0.1.60:55269,10.0.1.55:55269
confperc: 0
nummembers: 100000
maxexecutiontime: 60
RejectFrdReqSession: 0
workload: edu.usc.bg.workloads.CoreWorkload
Sanity Init parameters:
sanityMemberCount=100000 ,sanityAvgFriendsPerUserCount=0 ,sanityAvgPendingsPerUserCount=0 ,sanityResourcePerUserCount=0
[OVERALL], RunTime(ms), 60732.0
[OVERALL], opcount(sessions), 253256
[OVERALL], Throughput(sessions/sec), 4170.058618191399
[OVERALL], actcount(actions), 252785
[OVERALL], Throughput(actions/sec), 4162.303233879998
[UntilFirstThreadsDeath], RunTime(ms), 60717.0
[UntilFirstThreadsDeath], opcount(sessions), 253256.0
[UntilFirstThreadsDeath], Throughput(sessions/sec), 4171.088821911491
[UntilFirstThreadsDeath], opcount(actions), 252785.0
[UntilFirstThreadsDeath], Throughput(actions/sec), 4163.33152164962
[OVERALL], Read(ops), 0.0
[OVERALL], StaleRead(ops), 0.0
[OVERALL], Staleness(staleReads/totalReads), NaN
[OVERALL], Read(sessions), 0.0
[OVERALL], StaleRead(sessions), 0.0
[OVERALL], Staleness(staleSessions/totalSessions), NaN
[OVERALL], Pruned(ops), 0.0
[OVERALL], Validationtime(ms), 0.0
[OVERALL], DumpAndValidationtime(ms), 0.0
[OVERALL], dumpFilesToDB (ms), 0.0
[UNFRIEND]NumOperations=98, AverageResponseTime(us)=102765.9, MinResponseTime(us)=7839, MaxResponseTime(us)=501378
ReturnCode:0 numObserved:98
[PROFILE]NumOperations=250760, AverageResponseTime(us)=1483.47, MinResponseTime(us)=45, MaxResponseTime(us)=2577221
ReturnCode:0 numObserved:250760
[ACCEPT]NumOperations=500, AverageResponseTime(us)=142761.3, MinResponseTime(us)=8303, MaxResponseTime(us)=2524191
ReturnCode:0 numObserved:500
[REJECT]NumOperations=466, AverageResponseTime(us)=72254.09, MinResponseTime(us)=6159, MaxResponseTime(us)=2241427
ReturnCode:0 numObserved:466
[INV]NumOperations=961, AverageResponseTime(us)=84651.41, MinResponseTime(us)=5888, MaxResponseTime(us)=2586149
ReturnCode:0 numObserved:961

0 ,281
12 ,60
24 ,35
36 ,28
48 ,17
60 ,13
72 ,17
84 ,15
96 ,13
108 ,14
120 ,17
132 ,9
144 ,13
156 ,7
168 ,9
180 ,3
192 ,6
204 ,8
216 ,3
228 ,9
240 ,5
252 ,4
264 ,10
276 ,3
288 ,6
300 ,4
312 ,6
324 ,6
336 ,7
348 ,8
360 ,4
372 ,9
384 ,3
396 ,2
408 ,7
420 ,6
432 ,4
444 ,4
456 ,1
468 ,1
480 ,3
492 ,6
504 ,4
516 ,3
528 ,5
540 ,3
552 ,4
564 ,2
576 ,4
588 ,5
600 ,6
612 ,3
624 ,4
636 ,4
648 ,4
660 ,3
672 ,3
684 ,5
696 ,5
708 ,4
720 ,1
732 ,9
744 ,2
756 ,3
768 ,2
780 ,1
792 ,0
804 ,1
816 ,2
828 ,0
840 ,2
852 ,1
864 ,3
876 ,3
888 ,1
900 ,3
912 ,4
924 ,4
936 ,2
948 ,1
960 ,2
972 ,5
984 ,1
996 ,2
1008 ,0
1020 ,2
1032 ,1
1044 ,4
1056 ,1
1068 ,1
1080 ,1
1092 ,1
1104 ,3
1116 ,4
1128 ,2
1140 ,0
1152 ,1
1164 ,3
1176 ,2
1188 ,2
1200 ,1
1212 ,81
1224 ,3
1236 ,2
1248 ,1
1260 ,3
1272 ,4
1284 ,0
1296 ,4
1308 ,1
1320 ,1
1332 ,2
1344 ,4
1356 ,1
1368 ,5
1380 ,1
1392 ,2
1404 ,4
1416 ,6
1428 ,1
1440 ,6
1452 ,5
1464 ,2
1476 ,3
1488 ,1
1500 ,5
1512 ,2
1524 ,0
1536 ,3
1548 ,2
1560 ,0
1572 ,3
1584 ,1
1596 ,0
1608 ,4
1620 ,2
1632 ,4
1644 ,2
1656 ,3
1668 ,1
1680 ,1
1692 ,0
1704 ,4
1716 ,4
1728 ,2
1740 ,0
1752 ,2
1764 ,2
1776 ,1
1788 ,2
1800 ,1
1812 ,2
1824 ,2
1836 ,1
1848 ,1
1860 ,2
1872 ,0
1884 ,1
1896 ,2
1908 ,2
1920 ,1
1932 ,0
1944 ,1
1956 ,4
1968 ,4
1980 ,3
1992 ,0
2004 ,3
2016 ,1
2028 ,3
2040 ,2
2052 ,3
2064 ,1
2076 ,2
2088 ,0
2100 ,2
2112 ,0
2124 ,0
2136 ,2
2148 ,1
2160 ,0
2172 ,0
2184 ,5
2196 ,1
2208 ,1
2220 ,1
2232 ,0
2244 ,1
2256 ,0
2268 ,1
2280 ,1
2292 ,2
2304 ,0
2316 ,1
2328 ,1
2340 ,2
2352 ,0
2364 ,1
2376 ,2
2388 ,2
2400 ,0
2412 ,0
2424 ,14
2436 ,4
2448 ,1
2460 ,1
2472 ,0
2484 ,0
2496 ,2
2508 ,0
2520 ,1
2532 ,0
2544 ,2
2556 ,1
2568 ,2
2580 ,1
2592 ,1
2604 ,6
2616 ,0
2628 ,1
2640 ,1
2652 ,0
2664 ,4
2676 ,0
2688 ,1
2700 ,0
2712 ,1
2724 ,2
2736 ,1
2748 ,1
2760 ,1
2772 ,2
2784 ,0
2796 ,1
2808 ,2
2820 ,4
2832 ,1
2844 ,0
2856 ,0
2868 ,2
2880 ,1
2892 ,2
2904 ,0
2916 ,0
2928 ,0
2940 ,0
2952 ,0
2964 ,1
2976 ,1
2988 ,2
3000 ,3
3012 ,3
3024 ,1
3036 ,2
3048 ,0
3060 ,1
3072 ,3
3084 ,0
3096 ,3
3108 ,1
3120 ,2
3132 ,2
3144 ,0
3156 ,1
3168 ,1
3180 ,3
3192 ,2
3204 ,1
3216 ,2
3228 ,3
3240 ,1
3252 ,2
3264 ,1
3276 ,5
3288 ,0
3300 ,0
3312 ,3
3324 ,2
3336 ,0
3348 ,2
3360 ,0
3372 ,2
3384 ,0
3396 ,2
3408 ,0
3420 ,2
3432 ,2
3444 ,2
3456 ,0
3468 ,1
3480 ,2
3492 ,2
3504 ,1
3516 ,0
3528 ,2
3540 ,1
3552 ,1
3564 ,1
3576 ,2
3588 ,1
3600 ,0
3612 ,0
3624 ,1
3636 ,0
3648 ,2
3660 ,0
3672 ,1
3684 ,1
3696 ,3
3708 ,1
3720 ,1
3732 ,2
3744 ,1
3756 ,1
3768 ,1
3780 ,1
3792 ,1
3804 ,1
3816 ,1
3828 ,0
3840 ,0
3852 ,0
3864 ,1
3876 ,2
3888 ,1
3900 ,2
3912 ,2
3924 ,0
3936 ,0
3948 ,2
3960 ,1
3972 ,0
3984 ,3
3996 ,2
4008 ,0
4020 ,0
4032 ,1
4044 ,1
4056 ,2
4068 ,1
4080 ,1
4092 ,4
4104 ,2
4116 ,1
4128 ,0
4140 ,2
4152 ,0
4164 ,2
4176 ,1
4188 ,3
4200 ,0
4212 ,0
4224 ,1
4236 ,3
4248 ,0
4260 ,1
4272 ,2
4284 ,1
4296 ,1
4308 ,1
4320 ,1
4332 ,1
4344 ,1
4356 ,2
4368 ,0
4380 ,0
4392 ,2
4404 ,0
4416 ,3
4428 ,1
4440 ,0
4452 ,0
4464 ,0
4476 ,0
4488 ,1
4500 ,2
4512 ,0
4524 ,0
4536 ,0
4548 ,0
4560 ,3
4572 ,1
4584 ,2
4596 ,0
4608 ,2
4620 ,4
4632 ,2
4644 ,0
4656 ,1
4668 ,0
4680 ,2
4692 ,0
4704 ,0
4716 ,1
4728 ,1
4740 ,1
4752 ,3
4764 ,0
4776 ,0
4788 ,1
4800 ,0
4812 ,0
4824 ,0
4836 ,0
4848 ,4
4860 ,0
4872 ,0
4884 ,0
4896 ,1
4908 ,0
4920 ,0
4932 ,1
4944 ,0
4956 ,1
4968 ,3
4980 ,0
4992 ,0
5004 ,0
5016 ,1
5028 ,2
5040 ,0
5052 ,0
5064 ,3
5076 ,0
5088 ,1
5100 ,0
5112 ,1
5124 ,1
5136 ,0
5148 ,0
5160 ,0
5172 ,0
5184 ,1
5196 ,0
5208 ,3
5220 ,0
5232 ,2
5244 ,2
5256 ,4
5268 ,0
5280 ,0
5292 ,0
5304 ,0
5316 ,0
5328 ,0
5340 ,2
5352 ,0
5364 ,0
5376 ,1
5388 ,0
5400 ,1
5412 ,0
5424 ,0
5436 ,0
5448 ,0
5460 ,0
5472 ,0
5484 ,0
5496 ,0
5508 ,0
5520 ,0
5532 ,2
5544 ,0
5556 ,2
5568 ,0
5580 ,2
5592 ,0
5604 ,2
5616 ,1
5628 ,0
5640 ,0
5652 ,1
5664 ,0
5676 ,1
5688 ,0
5700 ,1
5712 ,1
5724 ,0
5736 ,1
5748 ,1
5760 ,0
5772 ,0
5784 ,0
5796 ,1
5808 ,0
5820 ,1
5832 ,2
5844 ,1
5856 ,1
5868 ,2
5880 ,0
5892 ,3
5904 ,2
5916 ,1
5928 ,1
5940 ,0
5952 ,1
5964 ,0
5976 ,2
5988 ,1
6000 ,0
6012 ,0
6024 ,0
6036 ,1
6048 ,1
6060 ,2
6072 ,0
6084 ,0
6096 ,0
6108 ,1
6120 ,0
6132 ,2
6144 ,0
6156 ,3
6168 ,2
6180 ,1
6192 ,0
6204 ,0
6216 ,1
6228 ,2
6240 ,0
6252 ,0
6264 ,1
6276 ,1
6288 ,1
6300 ,1
6312 ,0
6324 ,0
6336 ,0
6348 ,1
6360 ,2
6372 ,2
6384 ,0
6396 ,0
6408 ,0
6420 ,1
6432 ,0
6444 ,0
6456 ,2
6468 ,0
6480 ,1
6492 ,2
6504 ,0
6516 ,2
6528 ,3
6540 ,0
6552 ,1
6564 ,0
6576 ,0
6588 ,0
6600 ,1
6612 ,1
6624 ,1
6636 ,0
6648 ,0
6660 ,1
6672 ,1
6684 ,1
6696 ,0
6708 ,0
6720 ,0
6732 ,1
6744 ,0
6756 ,1
6768 ,1
6780 ,0
6792 ,1
6804 ,0
6816 ,1
6828 ,0
6840 ,2
6852 ,0
6864 ,1
6876 ,0
6888 ,1
6900 ,2
6912 ,1
6924 ,3
6936 ,0
6948 ,0
6960 ,0
6972 ,0
6984 ,0
6996 ,1
7008 ,2
7020 ,0
7032 ,1
7044 ,0
7056 ,0
7068 ,2
7080 ,1
7092 ,0
7104 ,0
7116 ,0
7128 ,0
7140 ,0
7152 ,2
7164 ,0
7176 ,1
7188 ,0
7200 ,0
7212 ,1
7224 ,0
7236 ,3
7248 ,1
7260 ,0
7272 ,1
7284 ,0
7296 ,0
7308 ,0
7320 ,0
7332 ,1
7344 ,1
7356 ,0
7368 ,1
7380 ,0
7392 ,1
7404 ,1
7416 ,3
7428 ,0
7440 ,0
7452 ,2
7464 ,1
7476 ,0
7488 ,1
7500 ,1
7512 ,1
7524 ,0
7536 ,1
7548 ,1
7560 ,0
7572 ,0
7584 ,1
7596 ,1
7608 ,0
7620 ,0
7632 ,0
7644 ,0
7656 ,1
7668 ,0
7680 ,0
7692 ,2
7704 ,0
7716 ,0
7728 ,0
7740 ,0
7752 ,1
7764 ,1
7776 ,1
7788 ,1
7800 ,0
7812 ,1
7824 ,1
7836 ,0
7848 ,1
7860 ,0
7872 ,0
7884 ,0
7896 ,0
7908 ,1
7920 ,2
7932 ,0
7944 ,0
7956 ,2
7968 ,0
7980 ,2
7992 ,1
8004 ,1
8016 ,0
8028 ,0
8040 ,0
8052 ,1
8064 ,0
8076 ,0
8088 ,0
8100 ,1
8112 ,1
8124 ,1
8136 ,0
8148 ,0
8160 ,0
8172 ,2
8184 ,0
8196 ,0
8208 ,0
8220 ,1
8232 ,0
8244 ,1
8256 ,0
8268 ,1
8280 ,1
8292 ,1
8304 ,0
8316 ,2
8328 ,0
8340 ,0
8352 ,0
8364 ,1
8376 ,0
8388 ,1
8400 ,0
8412 ,1
8424 ,0
8436 ,1
8448 ,3
8460 ,2
8472 ,0
8484 ,0
8496 ,0
8508 ,1
8520 ,2
8532 ,0
8544 ,0
8556 ,1
8568 ,0
8580 ,0
8592 ,0
8604 ,1
8616 ,0
8628 ,0
8640 ,0
8652 ,0
8664 ,0
8676 ,1
8688 ,2
8700 ,1
8712 ,0
8724 ,0
8736 ,1
8748 ,0
8760 ,2
8772 ,0
8784 ,0
8796 ,0
8808 ,0
8820 ,0
8832 ,3
8844 ,0
8856 ,0
8868 ,3
8880 ,1
8892 ,0
8904 ,0
8916 ,0
8928 ,0
8940 ,0
8952 ,1
8964 ,0
8976 ,2
8988 ,1
9000 ,1
9012 ,0
9024 ,2
9036 ,0
9048 ,0
9060 ,0
9072 ,0
9084 ,0
9096 ,0
9108 ,1
9120 ,2
9132 ,0
9144 ,1
9156 ,0
9168 ,1
9180 ,1
9192 ,0
9204 ,1
9216 ,0
9228 ,1
9240 ,0
9252 ,0
9264 ,1
9276 ,2
9288 ,1
9300 ,0
9312 ,1
9324 ,0
9336 ,0
9348 ,0
9360 ,0
9372 ,0
9384 ,0
9396 ,0
9408 ,0
9420 ,0
9432 ,1
9444 ,1
9456 ,1
9468 ,0
9480 ,0
9492 ,3
9504 ,0
9516 ,2
9528 ,0
9540 ,1
9552 ,2
9564 ,0
9576 ,1
9588 ,0
9600 ,1
9612 ,1
9624 ,0
9636 ,0
9648 ,0
9660 ,1
9672 ,0
9684 ,2
9696 ,0
9708 ,0
9720 ,0
9732 ,1
9744 ,1
9756 ,0
9768 ,1
9780 ,1
9792 ,0
9804 ,1
9816 ,0
9828 ,0
9840 ,2
9852 ,0
9864 ,2
9876 ,1
9888 ,0
9900 ,1
9912 ,0
9924 ,1
9936 ,0
9948 ,0
9960 ,0
9972 ,0
9984 ,1
9996 ,1
10008 ,3
10020 ,2
10032 ,2
10044 ,1
10056 ,0
10068 ,0
10080 ,0
10092 ,0
10104 ,0
10116 ,0
10128 ,2
10140 ,0
10152 ,1
10164 ,0
10176 ,1
10188 ,0
10200 ,1
10212 ,0
10224 ,1
10236 ,0
10248 ,0
10260 ,1
10272 ,0
10284 ,0
10296 ,0
10308 ,0
10320 ,0
10332 ,0
10344 ,0
10356 ,0
10368 ,0
10380 ,0
10392 ,0
10404 ,0
10416 ,1
10428 ,0
10440 ,1
10452 ,0
10464 ,1
10476 ,0
10488 ,0
10500 ,1
10512 ,0
10524 ,0
10536 ,0
10548 ,1
10560 ,2
10572 ,0
10584 ,0
10596 ,0
10608 ,0
10620 ,0
10632 ,0
10644 ,1
10656 ,0
10668 ,0
10680 ,0
10692 ,0
10704 ,0
10716 ,0
10728 ,0
10740 ,1
10752 ,0
10764 ,0
10776 ,0
10788 ,0
10800 ,0
10812 ,0
10824 ,1
10836 ,0
10848 ,0
10860 ,0
10872 ,0
10884 ,0
10896 ,0
10908 ,0
10920 ,1
10932 ,1
10944 ,0
10956 ,0
10968 ,0
10980 ,0
10992 ,0
11004 ,0
11016 ,0
11028 ,0
11040 ,0
11052 ,0
11064 ,1
11076 ,0
11088 ,0
11100 ,1
11112 ,0
11124 ,0
11136 ,0
11148 ,0
11160 ,0
11172 ,0
11184 ,0
11196 ,0
11208 ,0
11220 ,0
11232 ,0
11244 ,1
11256 ,1
11268 ,0
11280 ,0
11292 ,0
11304 ,1
11316 ,1
11328 ,0
11340 ,0
11352 ,0
11364 ,0
11376 ,0
11388 ,1
11400 ,0
11412 ,0
11424 ,2
11436 ,0
11448 ,1
11460 ,0
11472 ,0
11484 ,2
11496 ,0
11508 ,0
11520 ,1
11532 ,0
11544 ,1
11556 ,0
11568 ,1
11580 ,0
11592 ,0
11604 ,0
11616 ,0
11628 ,1
11640 ,0
11652 ,0
11664 ,0
11676 ,1
11688 ,1
11700 ,1
11712 ,0
11724 ,0
11736 ,1
11748 ,0
11760 ,0
11772 ,0
11784 ,0
11796 ,0
11808 ,0
11820 ,0
11832 ,1
11844 ,0
11856 ,1
11868 ,0
11880 ,0
11892 ,0
11904 ,0
11916 ,0
11928 ,0
11940 ,1
11952 ,0
11964 ,1
11976 ,1
11988 ,1
12000 ,1
12012 ,0
12024 ,0
12036 ,0
12048 ,0
12060 ,0
12072 ,0
12084 ,1
12096 ,0
12108 ,0
12120 ,0
12132 ,0
12144 ,0
12156 ,0
12168 ,0
12180 ,1
12192 ,2
12204 ,1
12216 ,2
12228 ,0
12240 ,0
12252 ,0
12264 ,0
12276 ,1
12288 ,0
12300 ,1
12312 ,0
12324 ,0
12336 ,0
12348 ,0
12360 ,0
12372 ,0
12384 ,0
12396 ,0
12408 ,1
12420 ,1
12432 ,1
12444 ,0
12456 ,1
12468 ,0
12480 ,1
12492 ,1
12504 ,0
12516 ,0
12528 ,0
12540 ,0
12552 ,1
12564 ,0
12576 ,1
12588 ,1
12600 ,0
12612 ,1
12624 ,1
12636 ,0
12648 ,2
12660 ,1
12672 ,1
12684 ,0
12696 ,0
12708 ,0
12720 ,0
12732 ,0
12744 ,1
12756 ,0
12768 ,0
12780 ,1
12792 ,1
12804 ,0
12816 ,1
12828 ,0
12840 ,1
12852 ,0
12864 ,0
12876 ,0
12888 ,1
12900 ,0
12912 ,0
12924 ,2
12936 ,1
12948 ,2
12960 ,1
12972 ,0
12984 ,0
12996 ,0
13008 ,0
13020 ,0
13032 ,2
13044 ,0
13056 ,0
13068 ,0
13080 ,2
13092 ,0
13104 ,0
13116 ,0
13128 ,0
13140 ,1
13152 ,0
13164 ,0
13176 ,0
13188 ,1
13200 ,0
13212 ,2
13224 ,0
13236 ,0
13248 ,0
13260 ,0
13272 ,0
13284 ,0
13296 ,1
13308 ,1
13320 ,0
13332 ,2
13344 ,2
13356 ,2
13368 ,0
13380 ,1
13392 ,0
13404 ,0
13416 ,0
13428 ,0
13440 ,0
13452 ,0
13464 ,0
13476 ,2
13488 ,0
13500 ,1
13512 ,1
13524 ,0
13536 ,1
13548 ,0
13560 ,0
13572 ,0
13584 ,1
13596 ,2
13608 ,0
13620 ,0
13632 ,0
13644 ,1
13656 ,0
13668 ,2
13680 ,0
13692 ,0
13704 ,0
13716 ,0
13728 ,0
13740 ,0
13752 ,1
13764 ,0
13776 ,0
13788 ,0
13800 ,1
13812 ,1
13824 ,0
13836 ,1
13848 ,0
13860 ,0
13872 ,0
13884 ,2
13896 ,0
13908 ,0
13920 ,1
13932 ,1
13944 ,1
13956 ,0
13968 ,1
13980 ,0
13992 ,1
14004 ,1
14016 ,1
14028 ,0
14040 ,0
14052 ,0
14064 ,1
14076 ,0
14088 ,0
14100 ,0
14112 ,0
14124 ,0
14136 ,1
14148 ,0
14160 ,2
14172 ,0
14184 ,0
14196 ,1
14208 ,1
14220 ,0
14232 ,1
14244 ,0
14256 ,0
14268 ,0
14280 ,1
14292 ,0
14304 ,0
14316 ,0
14328 ,0
14340 ,0
14352 ,2
14364 ,1
14376 ,0
14388 ,1
14400 ,1
14412 ,1
14424 ,0
14436 ,0
14448 ,0
14460 ,0
14472 ,2
14484 ,0
14496 ,0
14508 ,0
14520 ,0
14532 ,0
14544 ,0
14556 ,0
14568 ,1
14580 ,1
14592 ,1
14604 ,0
14616 ,0
14628 ,2
14640 ,0
14652 ,0
14664 ,1
14676 ,0
14688 ,0
14700 ,0
14712 ,0
14724 ,0
14736 ,1
14748 ,1
14760 ,0
14772 ,0
14784 ,1
14796 ,0
14808 ,1
14820 ,0
14832 ,0
14844 ,0
14856 ,0
14868 ,1
14880 ,1
14892 ,0
14904 ,0
14916 ,1
14928 ,1
14940 ,0
14952 ,0
14964 ,0
14976 ,0
14988 ,0
15000 ,0
15012 ,0
15024 ,1
15036 ,0
15048 ,0
15060 ,0
15072 ,1
15084 ,0
15096 ,0
15108 ,0
15120 ,0
15132 ,0
15144 ,1
15156 ,0
15168 ,0
15180 ,0
15192 ,0
15204 ,0
15216 ,0
15228 ,0
15240 ,0
15252 ,0
15264 ,0
15276 ,0
15288 ,1
15300 ,0
15312 ,0
15324 ,0
15336 ,0
15348 ,0
15360 ,1
15372 ,0
15384 ,0
15396 ,0
15408 ,1
15420 ,0
15432 ,0
15444 ,1
15456 ,0
15468 ,0
15480 ,0
15492 ,0
15504 ,0
15516 ,0
15528 ,0
15540 ,0
15552 ,0
15564 ,0
15576 ,1
15588 ,0
15600 ,1
15612 ,0
15624 ,1
15636 ,1
15648 ,0
15660 ,1
15672 ,0
15684 ,1
15696 ,0
15708 ,2
15720 ,0
15732 ,1
15744 ,0
15756 ,0
15768 ,0
15780 ,0
15792 ,0
15804 ,0
15816 ,0
15828 ,0
15840 ,1
15852 ,0
15864 ,0
15876 ,0
15888 ,0
15900 ,0
15912 ,0
15924 ,0
15936 ,1
15948 ,1
15960 ,1
15972 ,1
15984 ,1
15996 ,1
16008 ,0
16020 ,0
16032 ,0
16044 ,0
16056 ,0
16068 ,1
16080 ,1
16092 ,0
16104 ,0
16116 ,0
16128 ,1
16140 ,0
16152 ,0
16164 ,0
16176 ,0
16188 ,2
16200 ,0
16212 ,1
16224 ,1
16236 ,0
16248 ,0
16260 ,2
16272 ,1
16284 ,0
16296 ,1
16308 ,1
16320 ,1
16332 ,0
16344 ,1
16356 ,0
16368 ,0
16380 ,0
16392 ,0
16404 ,0
16416 ,1
16428 ,1
16440 ,1
16452 ,1
16464 ,1
16476 ,1
16488 ,1
16500 ,0
16512 ,0
16524 ,1
16536 ,0
16548 ,0
16560 ,2
16572 ,1
16584 ,0
16596 ,0
16608 ,0
16620 ,2
16632 ,1
16644 ,0
16656 ,0
16668 ,0
16680 ,0
16692 ,1
16704 ,1
16716 ,0
16728 ,2
16740 ,0
16752 ,0
16764 ,1
16776 ,2
16788 ,0
16800 ,1
16812 ,1
16824 ,0
16836 ,0
16848 ,0
16860 ,1
16872 ,0
16884 ,1
16896 ,1
16908 ,0
16920 ,0
16932 ,1
16944 ,1
16956 ,0
16968 ,2
16980 ,0
16992 ,1
17004 ,0
17016 ,0
17028 ,2
17040 ,0
17052 ,1
17064 ,0
17076 ,1
17088 ,0
17100 ,0
17112 ,1
17124 ,0
17136 ,0
17148 ,0
17160 ,0
17172 ,0
17184 ,1
17196 ,0
17208 ,0
17220 ,0
17232 ,0
17244 ,1
17256 ,0
17268 ,0
17280 ,0
17292 ,0
17304 ,0
17316 ,2
17328 ,0
17340 ,0
17352 ,0
17364 ,2
17376 ,0
17388 ,2
17400 ,0
17412 ,0
17424 ,1
17436 ,0
17448 ,0
17460 ,0
17472 ,0
17484 ,1
17496 ,0
17508 ,0
17520 ,0
17532 ,1
17544 ,0
17556 ,0
17568 ,0
17580 ,0
17592 ,1
17604 ,1
17616 ,0
17628 ,0
17640 ,0
17652 ,1
17664 ,0
17676 ,0
17688 ,1
17700 ,1
17712 ,0
17724 ,0
17736 ,0
17748 ,0
17760 ,0
17772 ,0
17784 ,1
17796 ,0
17808 ,0
17820 ,0
17832 ,0
17844 ,0
17856 ,1
17868 ,0
17880 ,0
17892 ,0
17904 ,1
17916 ,1
17928 ,1
17940 ,0
17952 ,0
17964 ,0
17976 ,0
17988 ,1
18000 ,0
18012 ,0
18024 ,0
18036 ,0
18048 ,0
18060 ,0
18072 ,1
18084 ,0
18096 ,0
18108 ,0
18120 ,0
18132 ,0
18144 ,0
18156 ,2
18168 ,0
18180 ,0
18192 ,0
18204 ,0
18216 ,0
18228 ,0
18240 ,1
18252 ,0
18264 ,0
18276 ,0
18288 ,0
18300 ,0
18312 ,1
18324 ,0
18336 ,0
18348 ,1
18360 ,0
18372 ,0
18384 ,0
18396 ,0
18408 ,0
18420 ,0
18432 ,0
18444 ,0
18456 ,0
18468 ,1
18480 ,1
18492 ,0
18504 ,0
18516 ,0
18528 ,0
18540 ,1
18552 ,0
18564 ,0
18576 ,0
18588 ,0
18600 ,0
18612 ,0
18624 ,1
18636 ,0
18648 ,1
18660 ,0
18672 ,1
18684 ,0
18696 ,0
18708 ,0
18720 ,0
18732 ,0
18744 ,0
18756 ,0
18768 ,0
18780 ,2
18792 ,1
18804 ,0
18816 ,0
18828 ,1
18840 ,0
18852 ,0
18864 ,0
18876 ,0
18888 ,1
18900 ,0
18912 ,0
18924 ,2
18936 ,0
18948 ,0
18960 ,0
18972 ,0
18984 ,1
18996 ,0
19008 ,0
19020 ,0
19032 ,2
19044 ,0
19056 ,0
19068 ,0
19080 ,0
19092 ,1
19104 ,1
19116 ,0
19128 ,0
19140 ,0
19152 ,0
19164 ,1
19176 ,1
19188 ,1
19200 ,0
19212 ,0
19224 ,0
19236 ,0
19248 ,0
19260 ,0
19272 ,1
19284 ,1
19296 ,0
19308 ,1
19320 ,0
19332 ,0
19344 ,0
19356 ,1
19368 ,0
19380 ,0
19392 ,0
19404 ,0
19416 ,0
19428 ,0
19440 ,0
19452 ,0
19464 ,0
19476 ,1
19488 ,1
19500 ,0
19512 ,1
19524 ,0
19536 ,0
19548 ,1
19560 ,0
19572 ,0
19584 ,0
19596 ,1
19608 ,1
19620 ,0
19632 ,1
19644 ,0
19656 ,0
19668 ,1
19680 ,0
19692 ,0
19704 ,0
19716 ,0
19728 ,0
19740 ,1
19752 ,0
19764 ,0
19776 ,0
19788 ,2
19800 ,1
19812 ,0
19824 ,0
19836 ,0
19848 ,1
19860 ,0
19872 ,0
19884 ,0
19896 ,0
19908 ,0
19920 ,0
19932 ,0
19944 ,0
19956 ,0
19968 ,0
19980 ,0
19992 ,0
20004 ,0
20016 ,1
20028 ,0
20040 ,1
20052 ,0
20064 ,0
20076 ,0
20088 ,0
20100 ,1
20112 ,0
20124 ,0
20136 ,0
20148 ,0
20160 ,0
20172 ,0
20184 ,0
20196 ,0
20208 ,0
20220 ,0
20232 ,1
20244 ,0
20256 ,2
20268 ,0
20280 ,0
20292 ,0
20304 ,0
20316 ,0
20328 ,0
20340 ,0
20352 ,0
20364 ,0
20376 ,1
20388 ,0
20400 ,0
20412 ,0
20424 ,0
20436 ,0
20448 ,0
20460 ,0
20472 ,0
20484 ,0
20496 ,0
20508 ,1
20520 ,1
20532 ,0
20544 ,0
20556 ,0
20568 ,0
20580 ,1
20592 ,1
20604 ,1
20616 ,0
20628 ,1
20640 ,1
20652 ,0
20664 ,0
20676 ,0
20688 ,0
20700 ,0
20712 ,0
20724 ,0
20736 ,0
20748 ,0
20760 ,0
20772 ,1
20784 ,0
20796 ,0
20808 ,0
20820 ,1
20832 ,1
20844 ,0
20856 ,1
20868 ,0
20880 ,0
20892 ,1
20904 ,0
20916 ,2
20928 ,1
20940 ,1
20952 ,0
20964 ,1
20976 ,2
20988 ,2
21000 ,0
21012 ,0
21024 ,0
21036 ,0
21048 ,1
21060 ,1
21072 ,0
21084 ,0
21096 ,0
21108 ,1
21120 ,0
21132 ,0
21144 ,0
21156 ,1
21168 ,1
21180 ,0
21192 ,0
21204 ,0
21216 ,1
21228 ,0
21240 ,0
21252 ,0
21264 ,0
21276 ,0
21288 ,0
21300 ,0
21312 ,0
21324 ,0
21336 ,0
21348 ,1
21360 ,0
21372 ,1
21384 ,0
21396 ,0
21408 ,0
21420 ,0
21432 ,1
21444 ,1
21456 ,0
21468 ,0
21480 ,0
21492 ,0
21504 ,1
21516 ,1
21528 ,0
21540 ,0
21552 ,1
21564 ,3
21576 ,0
21588 ,0
21600 ,0
21612 ,0
21624 ,0
21636 ,0
21648 ,0
21660 ,0
21672 ,0
21684 ,1
21696 ,1
21708 ,0
21720 ,0
21732 ,0
21744 ,1
21756 ,0
21768 ,0
21780 ,0
21792 ,0
21804 ,0
21816 ,0
21828 ,0
21840 ,0
21852 ,0
21864 ,0
21876 ,1
21888 ,0
21900 ,0
21912 ,0
21924 ,0
21936 ,0
21948 ,1
21960 ,0
21972 ,0
21984 ,0
21996 ,1
22008 ,0
22020 ,0
22032 ,0
22044 ,1
22056 ,1
22068 ,0
22080 ,2
22092 ,0
22104 ,0
22116 ,0
22128 ,0
22140 ,0
22152 ,0
22164 ,0
22176 ,2
22188 ,0
22200 ,0
22212 ,1
22224 ,1
22236 ,0
22248 ,0
22260 ,0
22272 ,0
22284 ,1
22296 ,1
22308 ,1
22320 ,0
22332 ,0
22344 ,0
22356 ,0
22368 ,0
22380 ,0
22392 ,0
22404 ,1
22416 ,0
22428 ,0
22440 ,0
22452 ,0
22464 ,0
22476 ,0
22488 ,0
22500 ,0
22512 ,0
22524 ,0
22536 ,0
22548 ,0
22560 ,1
22572 ,0
22584 ,0
22596 ,0
22608 ,0
22620 ,0
22632 ,0
22644 ,1
22656 ,0
22668 ,1
22680 ,1
22692 ,0
22704 ,0
22716 ,0
22728 ,1
22740 ,1
22752 ,2
22764 ,0
22776 ,0
22788 ,0
22800 ,0
22812 ,0
22824 ,0
22836 ,2
22848 ,1
22860 ,1
22872 ,1
22884 ,1
22896 ,0
22908 ,1
22920 ,0
22932 ,0
22944 ,0
22956 ,2
22968 ,1
22980 ,0
22992 ,0
23004 ,0
23016 ,0
23028 ,0
23040 ,0
23052 ,0
23064 ,0
23076 ,0
23088 ,0
23100 ,0
23112 ,0
23124 ,1
23136 ,0
23148 ,0
23160 ,0
23172 ,1
23184 ,0
23196 ,0
23208 ,0
23220 ,1
23232 ,0
23244 ,1
23256 ,0
23268 ,1
23280 ,0
23292 ,0
23304 ,0
23316 ,0
23328 ,0
23340 ,0
23352 ,0
23364 ,0
23376 ,0
23388 ,0
23400 ,0
23412 ,0
23424 ,1
23436 ,0
23448 ,1
23460 ,2
23472 ,1
23484 ,0
23496 ,0
23508 ,1
23520 ,0
23532 ,1
23544 ,0
23556 ,0
23568 ,2
23580 ,0
23592 ,1
23604 ,1
23616 ,0
23628 ,0
23640 ,0
23652 ,0
23664 ,0
23676 ,0
23688 ,0
23700 ,0
23712 ,0
23724 ,0
23736 ,0
23748 ,0
23760 ,1
23772 ,0
23784 ,1
23796 ,0
23808 ,0
23820 ,0
23832 ,0
23844 ,0
23856 ,1
23868 ,0
23880 ,0
23892 ,0
23904 ,0
23916 ,0
23928 ,0
23940 ,0
23952 ,0
23964 ,0
23976 ,0
23988 ,0
24000 ,1
24012 ,0
24024 ,0
24036 ,0
24048 ,0
24060 ,0
24072 ,0
24084 ,0
24096 ,2
24108 ,0
24120 ,0
24132 ,0
24144 ,0
24156 ,1
24168 ,2
24180 ,0
24192 ,0
24204 ,0
24216 ,0
24228 ,0
24240 ,1
24252 ,0
24264 ,0
24276 ,0
24288 ,0
24300 ,0
24312 ,0
24324 ,0
24336 ,0
24348 ,0
24360 ,0
24372 ,0
24384 ,1
24396 ,0
24408 ,2
24420 ,0
24432 ,2
24444 ,0
24456 ,0
24468 ,0
24480 ,0
24492 ,0
24504 ,0
24516 ,0
24528 ,0
24540 ,1
24552 ,1
24564 ,0
24576 ,0
24588 ,0
24600 ,0
24612 ,0
24624 ,0
24636 ,0
24648 ,0
24660 ,0
24672 ,0
24684 ,0
24696 ,0
24708 ,0
24720 ,0
24732 ,0
24744 ,0
24756 ,0
24768 ,0
24780 ,0
24792 ,0
24804 ,0
24816 ,0
24828 ,0
24840 ,1
24852 ,0
24864 ,0
24876 ,0
24888 ,0
24900 ,0
24912 ,1
24924 ,0
24936 ,1
24948 ,0
24960 ,0
24972 ,0
24984 ,0
24996 ,0
25008 ,0
25020 ,1
25032 ,0
25044 ,1
25056 ,0
25068 ,0
25080 ,0
25092 ,1
25104 ,0
25116 ,0
25128 ,0
25140 ,0
25152 ,2
25164 ,0
25176 ,1
25188 ,0
25200 ,0
25212 ,1
25224 ,2
25236 ,0
25248 ,0
25260 ,0
25272 ,0
25284 ,0
25296 ,0
25308 ,2
25320 ,1
25332 ,0
25344 ,0
25356 ,0
25368 ,0
25380 ,1
25392 ,0
25404 ,0
25416 ,0
25428 ,0
25440 ,0
25452 ,0
25464 ,2
25476 ,0
25488 ,1
25500 ,1
25512 ,0
25524 ,1
25536 ,0
25548 ,0
25560 ,0
25572 ,1
25584 ,0
25596 ,1
25608 ,0
25620 ,0
25632 ,2
25644 ,0
25656 ,0
25668 ,0
25680 ,0
25692 ,0
25704 ,0
25716 ,1
25728 ,0
25740 ,1
25752 ,0
25764 ,0
25776 ,1
25788 ,1
25800 ,0
25812 ,0
25824 ,0
25836 ,0
25848 ,0
25860 ,0
25872 ,0
25884 ,1
25896 ,0
25908 ,0
25920 ,0
25932 ,0
25944 ,1
25956 ,0
25968 ,0
25980 ,0
25992 ,0
26004 ,0
26016 ,0
26028 ,0
26040 ,0
26052 ,0
26064 ,0
26076 ,0
26088 ,0
26100 ,0
26112 ,0
26124 ,0
26136 ,1
26148 ,0
26160 ,1
26172 ,0
26184 ,0
26196 ,0
26208 ,0
26220 ,0
26232 ,0
26244 ,0
26256 ,0
26268 ,0
26280 ,0
26292 ,2
26304 ,0
26316 ,0
26328 ,0
26340 ,0
26352 ,1
26364 ,0
26376 ,0
26388 ,1
26400 ,0
26412 ,1
26424 ,1
26436 ,0
26448 ,0
26460 ,0
26472 ,0
26484 ,1
26496 ,0
26508 ,0
26520 ,0
26532 ,0
26544 ,0
26556 ,0
26568 ,0
26580 ,2
26592 ,0
26604 ,0
26616 ,2
26628 ,0
26640 ,1
26652 ,0
26664 ,2
26676 ,0
26688 ,0
26700 ,1
26712 ,0
26724 ,0
26736 ,0
26748 ,1
26760 ,0
26772 ,0
26784 ,0
26796 ,2
26808 ,0
26820 ,0
26832 ,0
26844 ,1
26856 ,1
26868 ,1
26880 ,0
26892 ,0
26904 ,1
26916 ,0
26928 ,0
26940 ,0
26952 ,1
26964 ,0
26976 ,0
26988 ,1
27000 ,0
27012 ,0
27024 ,0
27036 ,0
27048 ,0
27060 ,0
27072 ,0
27084 ,0
27096 ,0
27108 ,0
27120 ,0
27132 ,0
27144 ,0
27156 ,0
27168 ,0
27180 ,0
27192 ,0
27204 ,1
27216 ,1
27228 ,0
27240 ,0
27252 ,2
27264 ,0
27276 ,0
27288 ,0
27300 ,1
27312 ,0
27324 ,0
27336 ,0
27348 ,0
27360 ,0
27372 ,0
27384 ,0
27396 ,1
27408 ,0
27420 ,1
27432 ,0
27444 ,0
27456 ,0
27468 ,0
27480 ,0
27492 ,0
27504 ,0
27516 ,0
27528 ,1
27540 ,0
27552 ,0
27564 ,0
27576 ,0
27588 ,1
27600 ,0
27612 ,0
27624 ,0
27636 ,0
27648 ,0
27660 ,0
27672 ,0
27684 ,0
27696 ,1
27708 ,0
27720 ,0
27732 ,1
27744 ,0
27756 ,0
27768 ,0
27780 ,0
27792 ,0
27804 ,0
27816 ,0
27828 ,0
27840 ,0
27852 ,0
27864 ,0
27876 ,1
27888 ,1
27900 ,0
27912 ,0
27924 ,0
27936 ,0
27948 ,0
27960 ,1
27972 ,1
27984 ,0
27996 ,0
28008 ,0
28020 ,1
28032 ,1
28044 ,0
28056 ,0
28068 ,0
28080 ,0
28092 ,0
28104 ,2
28116 ,0
28128 ,0
28140 ,1
28152 ,0
28164 ,0
28176 ,1
28188 ,0
28200 ,0
28212 ,0
28224 ,1
28236 ,0
28248 ,0
28260 ,0
28272 ,0
28284 ,0
28296 ,0
28308 ,1
28320 ,0
28332 ,1
28344 ,0
28356 ,1
28368 ,0
28380 ,0
28392 ,0
28404 ,0
28416 ,1
28428 ,3
28440 ,0
28452 ,0
28464 ,0
28476 ,0
28488 ,0
28500 ,0
28512 ,1
28524 ,0
28536 ,0
28548 ,0
28560 ,0
28572 ,0
28584 ,0
28596 ,0
28608 ,0
28620 ,0
28632 ,0
28644 ,0
28656 ,0
28668 ,0
28680 ,0
28692 ,0
28704 ,0
28716 ,1
28728 ,0
28740 ,0
28752 ,0
28764 ,0
28776 ,0
28788 ,1
28800 ,0
28812 ,2
28824 ,0
28836 ,0
28848 ,0
28860 ,0
28872 ,0
28884 ,0
28896 ,0
28908 ,0
28920 ,0
28932 ,0
28944 ,0
28956 ,0
28968 ,0
28980 ,1
28992 ,0
29004 ,0
29016 ,0
29028 ,0
29040 ,0
29052 ,0
29064 ,0
29076 ,0
29088 ,0
29100 ,0
29112 ,1
29124 ,1
29136 ,0
29148 ,0
29160 ,0
29172 ,1
29184 ,0
29196 ,0
29208 ,0
29220 ,0
29232 ,0
29244 ,0
29256 ,0
29268 ,0
29280 ,0
29292 ,0
29304 ,0
29316 ,0
29328 ,0
29340 ,0
29352 ,1
29364 ,0
29376 ,0
29388 ,0
29400 ,0
29412 ,1
29424 ,1
29436 ,0
29448 ,0
29460 ,0
29472 ,0
29484 ,0
29496 ,0
29508 ,0
29520 ,0
29532 ,0
29544 ,0
29556 ,0
29568 ,0
29580 ,1
29592 ,1
29604 ,0
29616 ,0
29628 ,0
29640 ,0
29652 ,0
29664 ,1
29676 ,1
29688 ,1
29700 ,0
29712 ,0
29724 ,0
29736 ,0
29748 ,0
29760 ,1
29772 ,0
29784 ,0
29796 ,1
29808 ,0
29820 ,0
29832 ,0
29844 ,0
29856 ,0
29868 ,0
29880 ,0
29892 ,2
29904 ,0
29916 ,0
29928 ,0
29940 ,0
29952 ,0
29964 ,0
29976 ,0
29988 ,0
30000 ,0
30012 ,1
30024 ,0
30036 ,0
30048 ,0
30060 ,0
30072 ,0
30084 ,0
30096 ,0
30108 ,0
30120 ,0
30132 ,0
30144 ,1
30156 ,0
30168 ,0
30180 ,0
30192 ,0
30204 ,0
30216 ,0
30228 ,0
30240 ,2
30252 ,0
30264 ,0
30276 ,0
30288 ,0
30300 ,0
30312 ,1
30324 ,0
30336 ,0
30348 ,0
30360 ,0
30372 ,0
30384 ,0
30396 ,0
30408 ,0
30420 ,0
30432 ,0
30444 ,0
30456 ,1
30468 ,0
30480 ,1
30492 ,0
30504 ,0
30516 ,1
30528 ,0
30540 ,0
30552 ,0
30564 ,0
30576 ,0
30588 ,1
30600 ,0
30612 ,1
30624 ,0
30636 ,0
30648 ,1
30660 ,0
30672 ,0
30684 ,1
30696 ,0
30708 ,0
30720 ,0
30732 ,0
30744 ,0
30756 ,0
30768 ,0
30780 ,0
30792 ,0
30804 ,0
30816 ,0
30828 ,0
30840 ,0
30852 ,0
30864 ,1
30876 ,0
30888 ,0
30900 ,0
30912 ,0
30924 ,1
30936 ,0
30948 ,0
30960 ,0
30972 ,0
30984 ,0
30996 ,0
31008 ,0
31020 ,0
31032 ,0
31044 ,0
31056 ,0
31068 ,0
31080 ,0
31092 ,1
31104 ,1
31116 ,0
31128 ,0
31140 ,0
31152 ,0
31164 ,0
31176 ,0
31188 ,0
31200 ,2
31212 ,0
31224 ,0
31236 ,0
31248 ,2
31260 ,0
31272 ,1
31284 ,0
31296 ,0
31308 ,0
31320 ,0
31332 ,1
31344 ,0
31356 ,1
31368 ,0
31380 ,0
31392 ,0
31404 ,1
31416 ,0
31428 ,0
31440 ,0
31452 ,0
31464 ,0
31476 ,0
31488 ,1
31500 ,0
31512 ,0
31524 ,0
31536 ,0
31548 ,0
31560 ,0
31572 ,0
31584 ,0
31596 ,0
31608 ,0
31620 ,0
31632 ,2
31644 ,0
31656 ,1
31668 ,0
31680 ,0
31692 ,1
31704 ,1
31716 ,1
31728 ,0
31740 ,0
31752 ,1
31764 ,0
31776 ,0
31788 ,0
31800 ,0
31812 ,0
31824 ,0
31836 ,0
31848 ,0
31860 ,0
31872 ,0
31884 ,2
31896 ,0
31908 ,0
31920 ,0
31932 ,1
31944 ,0
31956 ,0
31968 ,0
31980 ,0
31992 ,0
32004 ,1
32016 ,0
32028 ,0
32040 ,0
32052 ,0
32064 ,0
32076 ,0
32088 ,0
32100 ,0
32112 ,0
32124 ,0
32136 ,0
32148 ,0
32160 ,1
32172 ,0
32184 ,0
32196 ,1
32208 ,0
32220 ,0
32232 ,1
32244 ,0
32256 ,0
32268 ,0
32280 ,1
32292 ,0
32304 ,1
32316 ,0
32328 ,0
32340 ,0
32352 ,1
32364 ,0
32376 ,0
32388 ,1
32400 ,0
32412 ,0
32424 ,1
32436 ,0
32448 ,0
32460 ,0
32472 ,0
32484 ,1
32496 ,1
32508 ,0
32520 ,0
32532 ,0
32544 ,0
32556 ,1
32568 ,1
32580 ,0
32592 ,0
32604 ,0
32616 ,0
32628 ,1
32640 ,1
32652 ,0
32664 ,0
32676 ,0
32688 ,0
32700 ,2
32712 ,0
32724 ,0
32736 ,0
32748 ,0
32760 ,0
32772 ,0
32784 ,0
32796 ,0
32808 ,0
32820 ,1
32832 ,0
32844 ,1
32856 ,0
32868 ,0
32880 ,0
32892 ,0
32904 ,0
32916 ,0
32928 ,0
32940 ,0
32952 ,0
32964 ,0
32976 ,0
32988 ,0
33000 ,0
33012 ,0
33024 ,0
33036 ,0
33048 ,0
33060 ,0
33072 ,0
33084 ,0
33096 ,0
33108 ,0
33120 ,0
33132 ,1
33144 ,0
33156 ,1
33168 ,0
33180 ,1
33192 ,0
33204 ,0
33216 ,0
33228 ,0
33240 ,0
33252 ,0
33264 ,0
33276 ,1
33288 ,0
33300 ,0
33312 ,0
33324 ,0
33336 ,0
33348 ,2
33360 ,0
33372 ,0
33384 ,0
33396 ,0
33408 ,0
33420 ,0
33432 ,1
33444 ,0
33456 ,1
33468 ,0
33480 ,1
33492 ,0
33504 ,1
33516 ,0
33528 ,0
33540 ,0
33552 ,0
33564 ,1
33576 ,0
33588 ,0
33600 ,1
33612 ,0
33624 ,0
33636 ,1
33648 ,0
33660 ,1
33672 ,0
33684 ,0
33696 ,1
33708 ,0
33720 ,0
33732 ,0
33744 ,0
33756 ,0
33768 ,1
33780 ,0
33792 ,0
33804 ,1
33816 ,1
33828 ,0
33840 ,0
33852 ,0
33864 ,0
33876 ,0
33888 ,0
33900 ,0
33912 ,0
33924 ,0
33936 ,1
33948 ,0
33960 ,0
33972 ,0
33984 ,0
33996 ,0
34008 ,0
34020 ,0
34032 ,0
34044 ,0
34056 ,0
34068 ,0
34080 ,0
34092 ,1
34104 ,0
34116 ,0
34128 ,1
34140 ,0
34152 ,0
34164 ,0
34176 ,0
34188 ,0
34200 ,0
34212 ,0
34224 ,0
34236 ,0
34248 ,0
34260 ,0
34272 ,1
34284 ,1
34296 ,0
34308 ,0
34320 ,0
34332 ,0
34344 ,0
34356 ,0
34368 ,0
34380 ,0
34392 ,1
34404 ,0
34416 ,0
34428 ,0
34440 ,0
34452 ,0
34464 ,0
34476 ,1
34488 ,0
34500 ,0
34512 ,0
34524 ,0
34536 ,0
34548 ,1
34560 ,0
34572 ,1
34584 ,0
34596 ,0
34608 ,0
34620 ,0
34632 ,0
34644 ,0
34656 ,0
34668 ,0
34680 ,0
34692 ,0
34704 ,0
34716 ,0
34728 ,0
34740 ,0
34752 ,0
34764 ,0
34776 ,1
34788 ,0
34800 ,0
34812 ,2
34824 ,0
34836 ,0
34848 ,0
34860 ,1
34872 ,0
34884 ,0
34896 ,1
34908 ,0
34920 ,1
34932 ,0
34944 ,0
34956 ,0
34968 ,0
34980 ,0
34992 ,0
35004 ,0
35016 ,0
35028 ,0
35040 ,1
35052 ,0
35064 ,0
35076 ,0
35088 ,0
35100 ,0
35112 ,1
35124 ,0
35136 ,0
35148 ,0
35160 ,0
35172 ,0
35184 ,0
35196 ,0
35208 ,0
35220 ,0
35232 ,0
35244 ,0
35256 ,0
35268 ,0
35280 ,0
35292 ,0
35304 ,1
35316 ,0
35328 ,0
35340 ,2
35352 ,0
35364 ,1
35376 ,0
35388 ,0
35400 ,0
35412 ,0
35424 ,0
35436 ,0
35448 ,0
35460 ,0
35472 ,0
35484 ,0
35496 ,0
35508 ,0
35520 ,0
35532 ,0
35544 ,1
35556 ,0
35568 ,0
35580 ,0
35592 ,0
35604 ,0
35616 ,0
35628 ,0
35640 ,0
35652 ,0
35664 ,0
35676 ,0
35688 ,0
35700 ,0
35712 ,0
35724 ,0
35736 ,0
35748 ,0
35760 ,0
35772 ,0
35784 ,0
35796 ,1
35808 ,0
35820 ,0
35832 ,0
35844 ,0
35856 ,0
35868 ,0
35880 ,0
35892 ,1
35904 ,2
35916 ,0
35928 ,0
35940 ,2
35952 ,0
35964 ,1
35976 ,0
35988 ,0
36000 ,0
36012 ,0
36024 ,0
36036 ,0
36048 ,1
36060 ,0
36072 ,1
36084 ,0
36096 ,0
36108 ,0
36120 ,0
36132 ,0
36144 ,0
36156 ,0
36168 ,0
36180 ,0
36192 ,0
36204 ,0
36216 ,0
36228 ,1
36240 ,0
36252 ,0
36264 ,0
36276 ,0
36288 ,0
36300 ,0
36312 ,0
36324 ,0
36336 ,0
36348 ,0
36360 ,0
36372 ,1
36384 ,0
36396 ,0
36408 ,0
36420 ,0
36432 ,0
36444 ,2
36456 ,0
36468 ,0
36480 ,0
36492 ,0
36504 ,0
36516 ,0
36528 ,0
36540 ,0
36552 ,1
36564 ,0
36576 ,0
36588 ,0
36600 ,1
36612 ,1
36624 ,0
36636 ,0
36648 ,1
36660 ,0
36672 ,0
36684 ,0
36696 ,0
36708 ,0
36720 ,0
36732 ,0
36744 ,0
36756 ,0
36768 ,0
36780 ,0
36792 ,2
36804 ,1
36816 ,0
36828 ,0
36840 ,2
36852 ,1
36864 ,0
36876 ,0
36888 ,0
36900 ,0
36912 ,0
36924 ,1
36936 ,0
36948 ,0
36960 ,0
36972 ,0
36984 ,0
36996 ,0
37008 ,0
37020 ,1
37032 ,0
37044 ,0
37056 ,0
37068 ,0
37080 ,0
37092 ,0
37104 ,0
37116 ,0
37128 ,0
37140 ,0
37152 ,0
37164 ,0
37176 ,1
37188 ,0
37200 ,1
37212 ,0
37224 ,0
37236 ,0
37248 ,1
37260 ,0
37272 ,0
37284 ,0
37296 ,1
37308 ,2
37320 ,2
37332 ,1
37344 ,0
37356 ,0
37368 ,0
37380 ,0
37392 ,0
37404 ,0
37416 ,0
37428 ,0
37440 ,0
37452 ,0
37464 ,0
37476 ,0
37488 ,0
37500 ,1
37512 ,0
37524 ,1
37536 ,1
37548 ,0
37560 ,0
37572 ,0
37584 ,1
37596 ,1
37608 ,0
37620 ,0
37632 ,0
37644 ,0
37656 ,0
37668 ,0
37680 ,0
37692 ,0
37704 ,0
37716 ,0
37728 ,1
37740 ,0
37752 ,0
37764 ,0
37776 ,0
37788 ,0
37800 ,0
37812 ,0
37824 ,0
37836 ,0
37848 ,0
37860 ,0
37872 ,0
37884 ,0
37896 ,0
37908 ,1
37920 ,0
37932 ,0
37944 ,2
37956 ,0
37968 ,0
37980 ,0
37992 ,0
38004 ,0
38016 ,0
38028 ,1
38040 ,0
38052 ,0
38064 ,0
38076 ,0
38088 ,0
38100 ,0
38112 ,0
38124 ,0
38136 ,0
38148 ,0
38160 ,0
38172 ,0
38184 ,0
38196 ,1
38208 ,1
38220 ,0
38232 ,0
38244 ,0
38256 ,0
38268 ,0
38280 ,0
38292 ,0
38304 ,0
38316 ,1
38328 ,0
38340 ,0
38352 ,0
38364 ,0
38376 ,0
38388 ,0
38400 ,0
38412 ,0
38424 ,0
38436 ,0
38448 ,0
38460 ,0
38472 ,0
38484 ,0
38496 ,0
38508 ,0
38520 ,0
38532 ,0
38544 ,0
38556 ,0
38568 ,0
38580 ,0
38592 ,0
38604 ,0
38616 ,0
38628 ,0
38640 ,0
38652 ,0
38664 ,0
38676 ,0
38688 ,0
38700 ,0
38712 ,0
38724 ,0
38736 ,0
38748 ,0
38760 ,1
38772 ,0
38784 ,0
38796 ,1
38808 ,0
38820 ,0
38832 ,0
38844 ,1
38856 ,0
38868 ,0
38880 ,0
38892 ,0
38904 ,0
38916 ,1
38928 ,0
38940 ,1
38952 ,0
38964 ,0
38976 ,0
38988 ,0
39000 ,0
39012 ,1
39024 ,1
39036 ,0
39048 ,0
39060 ,0
39072 ,1
39084 ,0
39096 ,2
39108 ,0
39120 ,1
39132 ,0
39144 ,0
39156 ,0
39168 ,1
39180 ,1
39192 ,0
39204 ,2
39216 ,0
39228 ,0
39240 ,0
39252 ,0
39264 ,0
39276 ,0
39288 ,0
39300 ,0
39312 ,0
39324 ,0
39336 ,0
39348 ,0
39360 ,2
39372 ,0
39384 ,0
39396 ,0
39408 ,0
39420 ,0
39432 ,0
39444 ,1
39456 ,0
39468 ,1
39480 ,0
39492 ,1
39504 ,0
39516 ,0
39528 ,0
39540 ,1
39552 ,0
39564 ,0
39576 ,1
39588 ,0
39600 ,0
39612 ,0
39624 ,0
39636 ,0
39648 ,0
39660 ,0
39672 ,0
39684 ,0
39696 ,0
39708 ,2
39720 ,1
39732 ,0
39744 ,0
39756 ,0
39768 ,1
39780 ,1
39792 ,1
39804 ,1
39816 ,1
39828 ,1
39840 ,0
39852 ,0
39864 ,0
39876 ,0
39888 ,0
39900 ,0
39912 ,0
39924 ,0
39936 ,0
39948 ,0
39960 ,0
39972 ,0
39984 ,1
39996 ,0
40008 ,0
40020 ,0
40032 ,0
40044 ,0
40056 ,0
40068 ,0
40080 ,0
40092 ,0
40104 ,0
40116 ,0
40128 ,3
40140 ,0
40152 ,0
40164 ,0
40176 ,0
40188 ,0
40200 ,0
40212 ,0
40224 ,0
40236 ,1
40248 ,1
40260 ,0
40272 ,1
40284 ,0
40296 ,0
40308 ,1
40320 ,0
40332 ,0
40344 ,0
40356 ,1
40368 ,0
40380 ,0
40392 ,0
40404 ,0
40416 ,0
40428 ,1
40440 ,1
40452 ,0
40464 ,0
40476 ,1
40488 ,1
40500 ,0
40512 ,0
40524 ,0
40536 ,1
40548 ,0
40560 ,2
40572 ,0
40584 ,0
40596 ,0
40608 ,0
40620 ,0
40632 ,1
40644 ,0
40656 ,1
40668 ,0
40680 ,0
40692 ,0
40704 ,1
40716 ,0
40728 ,1
40740 ,0
40752 ,0
40764 ,1
40776 ,0
40788 ,0
40800 ,1
40812 ,0
40824 ,0
40836 ,0
40848 ,1
40860 ,0
40872 ,0
40884 ,0
40896 ,0
40908 ,0
40920 ,0
40932 ,0
40944 ,0
40956 ,0
40968 ,0
40980 ,1
40992 ,0
41004 ,1
41016 ,0
41028 ,0
41040 ,0
41052 ,0
41064 ,0
41076 ,0
41088 ,0
41100 ,0
41112 ,0
41124 ,0
41136 ,0
41148 ,0
41160 ,0
41172 ,0
41184 ,0
41196 ,0
41208 ,0
41220 ,0
41232 ,0
41244 ,0
41256 ,1
41268 ,0
41280 ,0
41292 ,0
41304 ,0
41316 ,0
41328 ,0
41340 ,0
41352 ,0
41364 ,1
41376 ,0
41388 ,0
41400 ,0
41412 ,0
41424 ,0
41436 ,0
41448 ,1
41460 ,0
41472 ,0
41484 ,0
41496 ,0
41508 ,0
41520 ,0
41532 ,0
41544 ,0
41556 ,0
41568 ,0
41580 ,2
41592 ,0
41604 ,2
41616 ,1
41628 ,0
41640 ,0
41652 ,0
41664 ,0
41676 ,0
41688 ,0
41700 ,0
41712 ,0
41724 ,0
41736 ,0
41748 ,0
41760 ,0
41772 ,0
41784 ,0
41796 ,0
41808 ,0
41820 ,0
41832 ,0
41844 ,0
41856 ,0
41868 ,1
41880 ,0
41892 ,0
41904 ,0
41916 ,0
41928 ,0
41940 ,0
41952 ,1
41964 ,0
41976 ,0
41988 ,0
42000 ,0
42012 ,0
42024 ,1
42036 ,0
42048 ,0
42060 ,0
42072 ,0
42084 ,0
42096 ,0
42108 ,0
42120 ,0
42132 ,0
42144 ,2
42156 ,2
42168 ,0
42180 ,0
42192 ,0
42204 ,1
42216 ,0
42228 ,1
42240 ,0
42252 ,0
42264 ,0
42276 ,0
42288 ,0
42300 ,1
42312 ,0
42324 ,0
42336 ,0
42348 ,0
42360 ,0
42372 ,0
42384 ,0
42396 ,0
42408 ,0
42420 ,0
42432 ,0
42444 ,1
42456 ,0
42468 ,0
42480 ,0
42492 ,0
42504 ,0
42516 ,0
42528 ,0
42540 ,0
42552 ,0
42564 ,0
42576 ,0
42588 ,0
42600 ,0
42612 ,0
42624 ,0
42636 ,0
42648 ,0
42660 ,1
42672 ,1
42684 ,1
42696 ,0
42708 ,0
42720 ,0
42732 ,0
42744 ,1
42756 ,0
42768 ,0
42780 ,0
42792 ,0
42804 ,0
42816 ,0
42828 ,0
42840 ,0
42852 ,1
42864 ,0
42876 ,0
42888 ,0
42900 ,0
42912 ,0
42924 ,0
42936 ,0
42948 ,0
42960 ,0
42972 ,0
42984 ,0
42996 ,0
43008 ,0
43020 ,0
43032 ,0
43044 ,0
43056 ,0
43068 ,0
43080 ,1
43092 ,0
43104 ,0
43116 ,0
43128 ,0
43140 ,1
43152 ,1
43164 ,0
43176 ,0
43188 ,0
43200 ,0
43212 ,0
43224 ,0
43236 ,0
43248 ,0
43260 ,0
43272 ,0
43284 ,2
43296 ,0
43308 ,0
43320 ,0
43332 ,0
43344 ,2
43356 ,0
43368 ,0
43380 ,0
43392 ,0
43404 ,0
43416 ,0
43428 ,0
43440 ,0
43452 ,1
43464 ,0
43476 ,0
43488 ,0
43500 ,0
43512 ,0
43524 ,0
43536 ,0
43548 ,0
43560 ,0
43572 ,0
43584 ,0
43596 ,0
43608 ,1
43620 ,0
43632 ,0
43644 ,0
43656 ,0
43668 ,0
43680 ,1
43692 ,1
43704 ,0
43716 ,0
43728 ,1
43740 ,0
43752 ,1
43764 ,0
43776 ,0
43788 ,0
43800 ,0
43812 ,0
43824 ,0
43836 ,1
43848 ,0
43860 ,0
43872 ,0
43884 ,0
43896 ,0
43908 ,0
43920 ,0
43932 ,0
43944 ,0
43956 ,0
43968 ,0
43980 ,0
43992 ,1
44004 ,0
44016 ,0
44028 ,0
44040 ,0
44052 ,0
44064 ,0
44076 ,0
44088 ,0
44100 ,0
44112 ,0
44124 ,0
44136 ,0
44148 ,0
44160 ,0
44172 ,0
44184 ,0
44196 ,0
44208 ,0
44220 ,0
44232 ,1
44244 ,1
44256 ,0
44268 ,0
44280 ,0
44292 ,0
44304 ,0
44316 ,0
44328 ,1
44340 ,0
44352 ,0
44364 ,0
44376 ,0
44388 ,0
44400 ,0
44412 ,1
44424 ,0
44436 ,0
44448 ,2
44460 ,0
44472 ,0
44484 ,0
44496 ,0
44508 ,0
44520 ,0
44532 ,1
44544 ,0
44556 ,0
44568 ,0
44580 ,0
44592 ,0
44604 ,1
44616 ,0
44628 ,0
44640 ,0
44652 ,0
44664 ,0
44676 ,0
44688 ,0
44700 ,0
44712 ,0
44724 ,1
44736 ,0
44748 ,0
44760 ,0
44772 ,0
44784 ,0
44796 ,0
44808 ,0
44820 ,0
44832 ,0
44844 ,0
44856 ,0
44868 ,0
44880 ,0
44892 ,0
44904 ,0
44916 ,1
44928 ,0
44940 ,0
44952 ,0
44964 ,0
44976 ,0
44988 ,0
45000 ,0
45012 ,0
45024 ,0
45036 ,0
45048 ,1
45060 ,0
45072 ,0
45084 ,0
45096 ,0
45108 ,0
45120 ,0
45132 ,0
45144 ,0
45156 ,0
45168 ,0
45180 ,0
45192 ,0
45204 ,0
45216 ,0
45228 ,1
45240 ,1
45252 ,0
45264 ,0
45276 ,0
45288 ,0
45300 ,1
45312 ,1
45324 ,0
45336 ,1
45348 ,1
45360 ,0
45372 ,0
45384 ,0
45396 ,0
45408 ,0
45420 ,0
45432 ,0
45444 ,0
45456 ,0
45468 ,1
45480 ,0
45492 ,1
45504 ,0
45516 ,0
45528 ,1
45540 ,0
45552 ,0
45564 ,0
45576 ,0
45588 ,1
45600 ,0
45612 ,0
45624 ,0
45636 ,1
45648 ,0
45660 ,0
45672 ,0
45684 ,1
45696 ,0
45708 ,0
45720 ,0
45732 ,0
45744 ,1
45756 ,0
45768 ,0
45780 ,0
45792 ,0
45804 ,0
45816 ,0
45828 ,0
45840 ,0
45852 ,1
45864 ,0
45876 ,0
45888 ,0
45900 ,0
45912 ,0
45924 ,0
45936 ,0
45948 ,0
45960 ,0
45972 ,1
45984 ,0
45996 ,0
46008 ,0
46020 ,0
46032 ,0
46044 ,0
46056 ,0
46068 ,0
46080 ,0
46092 ,0
46104 ,0
46116 ,1
46128 ,1
46140 ,0
46152 ,0
46164 ,0
46176 ,0
46188 ,0
46200 ,0
46212 ,0
46224 ,0
46236 ,0
46248 ,0
46260 ,0
46272 ,1
46284 ,1
46296 ,0
46308 ,0
46320 ,1
46332 ,0
46344 ,0
46356 ,0
46368 ,0
46380 ,0
46392 ,0
46404 ,0
46416 ,1
46428 ,0
46440 ,0
46452 ,0
46464 ,0
46476 ,1
46488 ,0
46500 ,0
46512 ,0
46524 ,0
46536 ,0
46548 ,0
46560 ,0
46572 ,0
46584 ,0
46596 ,0
46608 ,0
46620 ,0
46632 ,0
46644 ,0
46656 ,0
46668 ,0
46680 ,0
46692 ,1
46704 ,0
46716 ,0
46728 ,0
46740 ,0
46752 ,0
46764 ,1
46776 ,0
46788 ,0
46800 ,0
46812 ,0
46824 ,0
46836 ,1
46848 ,0
46860 ,1
46872 ,0
46884 ,0
46896 ,0
46908 ,0
46920 ,0
46932 ,0
46944 ,0
46956 ,1
46968 ,0
46980 ,0
46992 ,2
47004 ,0
47016 ,0
47028 ,0
47040 ,0
47052 ,0
47064 ,0
47076 ,0
47088 ,0
47100 ,0
47112 ,0
47124 ,0
47136 ,0
47148 ,0
47160 ,0
47172 ,0
47184 ,2
47196 ,0
47208 ,1
47220 ,0
47232 ,0
47244 ,0
47256 ,0
47268 ,0
47280 ,0
47292 ,0
47304 ,0
47316 ,0
47328 ,0
47340 ,0
47352 ,0
47364 ,0
47376 ,0
47388 ,1
47400 ,0
47412 ,0
47424 ,0
47436 ,0
47448 ,1
47460 ,0
47472 ,1
47484 ,0
47496 ,0
47508 ,1
47520 ,0
47532 ,0
47544 ,0
47556 ,0
47568 ,1
47580 ,0
47592 ,0
47604 ,0
47616 ,1
47628 ,0
47640 ,0
47652 ,0
47664 ,1
47676 ,0
47688 ,0
47700 ,0
47712 ,0
47724 ,1
47736 ,0
47748 ,0
47760 ,0
47772 ,0
47784 ,0
47796 ,0
47808 ,1
47820 ,1
47832 ,0
47844 ,0
47856 ,0
47868 ,0
47880 ,0
47892 ,0
47904 ,0
47916 ,0
47928 ,0
47940 ,0
47952 ,0
47964 ,0
47976 ,0
47988 ,0
48000 ,0
48012 ,0
48024 ,1
48036 ,0
48048 ,0
48060 ,0
48072 ,0
48084 ,0
48096 ,0
48108 ,0
48120 ,1
48132 ,0
48144 ,0
48156 ,1
48168 ,0
48180 ,0
48192 ,0
48204 ,0
48216 ,0
48228 ,0
48240 ,0
48252 ,0
48264 ,0
48276 ,2
48288 ,0
48300 ,0
48312 ,0
48324 ,1
48336 ,0
48348 ,0
48360 ,0
48372 ,0
48384 ,0
48396 ,0
48408 ,0
48420 ,0
48432 ,0
48444 ,0
48456 ,0
48468 ,0
48480 ,0
48492 ,1
48504 ,0
48516 ,0
48528 ,2
48540 ,0
48552 ,1
48564 ,0
48576 ,0
48588 ,0
48600 ,0
48612 ,0
48624 ,0
48636 ,1
48648 ,0
48660 ,0
48672 ,0
48684 ,0
48696 ,0
48708 ,0
48720 ,1
48732 ,0
48744 ,0
48756 ,0
48768 ,0
48780 ,0
48792 ,0
48804 ,0
48816 ,0
48828 ,0
48840 ,0
48852 ,0
48864 ,1
48876 ,0
48888 ,1
48900 ,0
48912 ,0
48924 ,0
48936 ,0
48948 ,0
48960 ,0
48972 ,1
48984 ,1
48996 ,0
49008 ,0
49020 ,0
49032 ,0
49044 ,0
49056 ,0
49068 ,0
49080 ,1
49092 ,0
49104 ,0
49116 ,1
49128 ,0
49140 ,0
49152 ,0
49164 ,0
49176 ,0
49188 ,0
49200 ,0
49212 ,0
49224 ,0
49236 ,0
49248 ,0
49260 ,0
49272 ,0
49284 ,1
49296 ,0
49308 ,0
49320 ,0
49332 ,0
49344 ,0
49356 ,0
49368 ,0
49380 ,0
49392 ,0
49404 ,0
49416 ,0
49428 ,0
49440 ,0
49452 ,0
49464 ,0
49476 ,0
49488 ,0
49500 ,0
49512 ,1
49524 ,0
49536 ,0
49548 ,0
49560 ,0
49572 ,0
49584 ,0
49596 ,0
49608 ,0
49620 ,0
49632 ,0
49644 ,0
49656 ,0
49668 ,0
49680 ,0
49692 ,1
49704 ,0
49716 ,1
49728 ,1
49740 ,1
49752 ,0
49764 ,0
49776 ,0
49788 ,0
49800 ,0
49812 ,0
49824 ,0
49836 ,0
49848 ,0
49860 ,0
49872 ,0
49884 ,0
49896 ,0
49908 ,0
49920 ,0
49932 ,0
49944 ,0
49956 ,0
49968 ,0
49980 ,0
49992 ,0
50004 ,0
50016 ,0
50028 ,0
50040 ,0
50052 ,0
50064 ,2
50076 ,1
50088 ,0
50100 ,1
50112 ,0
50124 ,0
50136 ,0
50148 ,0
50160 ,0
50172 ,1
50184 ,0
50196 ,0
50208 ,2
50220 ,0
50232 ,0
50244 ,0
50256 ,0
50268 ,0
50280 ,0
50292 ,0
50304 ,0
50316 ,0
50328 ,1
50340 ,0
50352 ,0
50364 ,0
50376 ,1
50388 ,0
50400 ,0
50412 ,0
50424 ,0
50436 ,0
50448 ,1
50460 ,0
50472 ,0
50484 ,0
50496 ,0
50508 ,0
50520 ,0
50532 ,0
50544 ,1
50556 ,0
50568 ,0
50580 ,1
50592 ,0
50604 ,0
50616 ,0
50628 ,0
50640 ,0
50652 ,1
50664 ,0
50676 ,0
50688 ,0
50700 ,1
50712 ,0
50724 ,0
50736 ,0
50748 ,0
50760 ,0
50772 ,0
50784 ,0
50796 ,0
50808 ,1
50820 ,0
50832 ,0
50844 ,0
50856 ,0
50868 ,0
50880 ,1
50892 ,1
50904 ,0
50916 ,0
50928 ,0
50940 ,0
50952 ,0
50964 ,0
50976 ,0
50988 ,0
51000 ,0
51012 ,0
51024 ,1
51036 ,0
51048 ,0
51060 ,0
51072 ,0
51084 ,0
51096 ,1
51108 ,0
51120 ,0
51132 ,0
51144 ,0
51156 ,0
51168 ,0
51180 ,0
51192 ,0
51204 ,0
51216 ,0
51228 ,0
51240 ,0
51252 ,0
51264 ,0
51276 ,0
51288 ,0
51300 ,0
51312 ,0
51324 ,0
51336 ,1
51348 ,0
51360 ,0
51372 ,0
51384 ,0
51396 ,0
51408 ,1
51420 ,1
51432 ,1
51444 ,0
51456 ,0
51468 ,0
51480 ,0
51492 ,0
51504 ,0
51516 ,0
51528 ,0
51540 ,0
51552 ,0
51564 ,0
51576 ,0
51588 ,0
51600 ,0
51612 ,0
51624 ,0
51636 ,0
51648 ,0
51660 ,1
51672 ,0
51684 ,0
51696 ,0
51708 ,0
51720 ,0
51732 ,1
51744 ,0
51756 ,1
51768 ,0
51780 ,0
51792 ,0
51804 ,0
51816 ,0
51828 ,0
51840 ,1
51852 ,0
51864 ,0
51876 ,0
51888 ,0
51900 ,0
51912 ,0
51924 ,1
51936 ,0
51948 ,1
51960 ,0
51972 ,1
51984 ,0
51996 ,1
52008 ,0
52020 ,0
52032 ,1
52044 ,0
52056 ,1
52068 ,0
52080 ,0
52092 ,0
52104 ,0
52116 ,0
52128 ,0
52140 ,0
52152 ,0
52164 ,0
52176 ,0
52188 ,0
52200 ,0
52212 ,0
52224 ,0
52236 ,2
52248 ,1
52260 ,0
52272 ,0
52284 ,0
52296 ,0
52308 ,0
52320 ,1
52332 ,1
52344 ,0
52356 ,0
52368 ,1
52380 ,0
52392 ,0
52404 ,0
52416 ,0
52428 ,0
52440 ,0
52452 ,1
52464 ,0
52476 ,0
52488 ,0
52500 ,3
52512 ,0
52524 ,1
52536 ,0
52548 ,0
52560 ,0
52572 ,0
52584 ,0
52596 ,0
52608 ,0
52620 ,0
52632 ,0
52644 ,0
52656 ,0
52668 ,0
52680 ,0
52692 ,0
52704 ,0
52716 ,0
52728 ,0
52740 ,0
52752 ,1
52764 ,0
52776 ,0
52788 ,0
52800 ,0
52812 ,0
52824 ,0
52836 ,0
52848 ,0
52860 ,0
52872 ,0
52884 ,0
52896 ,0
52908 ,0
52920 ,0
52932 ,0
52944 ,0
52956 ,0
52968 ,1
52980 ,1
52992 ,0
53004 ,0
53016 ,0
53028 ,0
53040 ,0
53052 ,0
53064 ,0
53076 ,0
53088 ,1
53100 ,1
53112 ,0
53124 ,1
53136 ,0
53148 ,0
53160 ,0
53172 ,0
53184 ,0
53196 ,0
53208 ,0
53220 ,0
53232 ,0
53244 ,1
53256 ,1
53268 ,0
53280 ,0
53292 ,0
53304 ,0
53316 ,0
53328 ,0
53340 ,0
53352 ,0
53364 ,0
53376 ,0
53388 ,0
53400 ,1
53412 ,0
53424 ,1
53436 ,0
53448 ,0
53460 ,0
53472 ,0
53484 ,0
53496 ,0
53508 ,0
53520 ,0
53532 ,0
53544 ,0
53556 ,0
53568 ,0
53580 ,2
53592 ,1
53604 ,0
53616 ,0
53628 ,0
53640 ,0
53652 ,0
53664 ,0
53676 ,0
53688 ,0
53700 ,0
53712 ,0
53724 ,0
53736 ,0
53748 ,0
53760 ,0
53772 ,0
53784 ,0
53796 ,1
53808 ,0
53820 ,0
53832 ,1
53844 ,0
53856 ,0
53868 ,0
53880 ,0
53892 ,0
53904 ,0
53916 ,0
53928 ,0
53940 ,0
53952 ,0
53964 ,0
53976 ,0
53988 ,0
54000 ,0
54012 ,0
54024 ,0
54036 ,0
54048 ,1
54060 ,0
54072 ,0
54084 ,0
54096 ,1
54108 ,0
54120 ,0
54132 ,1
54144 ,0
54156 ,0
54168 ,0
54180 ,0
54192 ,0
54204 ,0
54216 ,0
54228 ,0
54240 ,0
54252 ,0
54264 ,0
54276 ,0
54288 ,0
54300 ,0
54312 ,0
54324 ,0
54336 ,0
54348 ,0
54360 ,0
54372 ,0
54384 ,0
54396 ,0
54408 ,0
54420 ,0
54432 ,0
54444 ,0
54456 ,0
54468 ,1
54480 ,0
54492 ,0
54504 ,0
54516 ,0
54528 ,0
54540 ,1
54552 ,0
54564 ,0
54576 ,0
54588 ,0
54600 ,0
54612 ,0
54624 ,1
54636 ,0
54648 ,0
54660 ,0
54672 ,0
54684 ,0
54696 ,0
54708 ,0
54720 ,0
54732 ,0
54744 ,0
54756 ,0
54768 ,0
54780 ,0
54792 ,0
54804 ,0
54816 ,0
54828 ,0
54840 ,0
54852 ,0
54864 ,1
54876 ,0
54888 ,0
54900 ,0
54912 ,0
54924 ,0
54936 ,0
54948 ,0
54960 ,0
54972 ,0
54984 ,0
54996 ,0
55008 ,0
55020 ,0
55032 ,0
55044 ,0
55056 ,0
55068 ,1
55080 ,0
55092 ,0
55104 ,0
55116 ,1
55128 ,0
55140 ,0
55152 ,0
55164 ,0
55176 ,0
55188 ,0
55200 ,0
55212 ,0
55224 ,0
55236 ,0
55248 ,0
55260 ,1
55272 ,1
55284 ,0
55296 ,0
55308 ,0
55320 ,0
55332 ,0
55344 ,0
55356 ,0
55368 ,0
55380 ,0
55392 ,0
55404 ,0
55416 ,0
55428 ,0
55440 ,0
55452 ,0
55464 ,0
55476 ,0
55488 ,0
55500 ,0
55512 ,0
55524 ,0
55536 ,0
55548 ,1
55560 ,1
55572 ,0
55584 ,0
55596 ,0
55608 ,0
55620 ,0
55632 ,0
55644 ,0
55656 ,0
55668 ,0
55680 ,0
55692 ,0
55704 ,0
55716 ,0
55728 ,0
55740 ,0
55752 ,0
55764 ,1
55776 ,0
55788 ,0
55800 ,0
55812 ,0
55824 ,0
55836 ,0
55848 ,0
55860 ,0
55872 ,0
55884 ,0
55896 ,0
55908 ,0
55920 ,0
55932 ,0
55944 ,0
55956 ,0
55968 ,1
55980 ,0
55992 ,0
56004 ,0
56016 ,0
56028 ,0
56040 ,0
56052 ,0
56064 ,1
56076 ,0
56088 ,0
56100 ,0
56112 ,0
56124 ,0
56136 ,0
56148 ,0
56160 ,0
56172 ,0
56184 ,1
56196 ,1
56208 ,0
56220 ,0
56232 ,0
56244 ,1
56256 ,1
56268 ,1
56280 ,0
56292 ,0
56304 ,0
56316 ,0
56328 ,0
56340 ,0
56352 ,0
56364 ,0
56376 ,0
56388 ,0
56400 ,0
56412 ,0
56424 ,0
56436 ,0
56448 ,0
56460 ,0
56472 ,1
56484 ,0
56496 ,0
56508 ,0
56520 ,0
56532 ,1
56544 ,0
56556 ,1
56568 ,1
56580 ,0
56592 ,0
56604 ,1
56616 ,0
56628 ,0
56640 ,0
56652 ,0
56664 ,1
56676 ,0
56688 ,0
56700 ,1
56712 ,1
56724 ,0
56736 ,0
56748 ,0
56760 ,0
56772 ,0
56784 ,0
56796 ,0
56808 ,0
56820 ,0
56832 ,1
56844 ,0
56856 ,0
56868 ,0
56880 ,0
56892 ,0
56904 ,1
56916 ,1
56928 ,0
56940 ,0
56952 ,0
56964 ,0
56976 ,0
56988 ,1
57000 ,0
57012 ,0
57024 ,1
57036 ,0
57048 ,0
57060 ,0
57072 ,1
57084 ,0
57096 ,1
57108 ,0
57120 ,0
57132 ,0
57144 ,0
57156 ,1
57168 ,0
57180 ,0
57192 ,0
57204 ,1
57216 ,0
57228 ,0
57240 ,0
57252 ,0
57264 ,0
57276 ,0
57288 ,0
57300 ,1
57312 ,1
57324 ,1
57336 ,0
57348 ,1
57360 ,0
57372 ,0
57384 ,0
57396 ,0
57408 ,0
57420 ,1
57432 ,0
57444 ,0
57456 ,0
57468 ,0
57480 ,0
57492 ,0
57504 ,0
57516 ,0
57528 ,0
57540 ,0
57552 ,0
57564 ,0
57576 ,0
57588 ,0
57600 ,0
57612 ,0
57624 ,0
57636 ,0
57648 ,0
57660 ,0
57672 ,0
57684 ,0
57696 ,0
57708 ,1
57720 ,1
57732 ,0
57744 ,0
57756 ,0
57768 ,0
57780 ,0
57792 ,0
57804 ,0
57816 ,1
57828 ,0
57840 ,0
57852 ,0
57864 ,0
57876 ,0
57888 ,0
57900 ,0
57912 ,0
57924 ,0
57936 ,0
57948 ,0
57960 ,0
57972 ,0
57984 ,0
57996 ,0
58008 ,0
58020 ,0
58032 ,0
58044 ,0
58056 ,0
58068 ,0
58080 ,0
58092 ,0
58104 ,0
58116 ,0
58128 ,0
58140 ,1
58152 ,1
58164 ,1
58176 ,0
58188 ,0
58200 ,0
58212 ,0
58224 ,1
58236 ,0
58248 ,0
58260 ,0
58272 ,0
58284 ,0
58296 ,1
58308 ,0
58320 ,0
58332 ,0
58344 ,0
58356 ,0
58368 ,0
58380 ,0
58392 ,0
58404 ,1
58416 ,0
58428 ,0
58440 ,0
58452 ,0
58464 ,0
58476 ,0
58488 ,0
58500 ,0
58512 ,0
58524 ,0
58536 ,0
58548 ,0
58560 ,2
58572 ,0
58584 ,0
58596 ,0
58608 ,0
58620 ,0
58632 ,0
58644 ,0
58656 ,0
58668 ,0
58680 ,0
58692 ,0
58704 ,0
58716 ,0
58728 ,0
58740 ,0
58752 ,1
58764 ,0
58776 ,0
58788 ,0
58800 ,1
58812 ,0
58824 ,0
58836 ,0
58848 ,0
58860 ,0
58872 ,0
58884 ,0
58896 ,1
58908 ,0
58920 ,0
58932 ,0
58944 ,0
58956 ,0
58968 ,0
58980 ,0
58992 ,0
59004 ,0
59016 ,0
59028 ,0
59040 ,0
59052 ,1
59064 ,0
59076 ,0
59088 ,0
59100 ,0
59112 ,0
59124 ,0
59136 ,0
59148 ,1
59160 ,0
59172 ,0
59184 ,0
59196 ,0
59208 ,0
59220 ,0
59232 ,0
59244 ,0
59256 ,0
59268 ,0
59280 ,0
59292 ,1
59304 ,0
59316 ,0
59328 ,0
59340 ,0
59352 ,0
59364 ,0
59376 ,0
59388 ,0
59400 ,1
59412 ,0
59424 ,0
59436 ,0
59448 ,0
59460 ,0
59472 ,0
59484 ,0
59496 ,0
59508 ,2
59520 ,0
59532 ,0
59544 ,0
59556 ,0
59568 ,0
59580 ,0
59592 ,0
59604 ,0
59616 ,0
59628 ,0
59640 ,0
59652 ,0
59664 ,0
59676 ,0
59688 ,0
59700 ,0
59712 ,0
59724 ,0
59736 ,0
59748 ,1
59760 ,0
59772 ,1
59784 ,0
59796 ,1
59808 ,0
59820 ,0
59832 ,1
59844 ,0
59856 ,0
59868 ,0
59880 ,0
59892 ,0
59904 ,0
59916 ,0
59928 ,0
59940 ,0
59952 ,0
59964 ,0
59976 ,0
59988 ,0
60000 ,0
60012 ,0
60024 ,1
60036 ,0
60048 ,0
60060 ,1
60072 ,1
60084 ,0
60096 ,1
60108 ,0
60120 ,0
60132 ,0
60144 ,0
60156 ,1
60168 ,0
60180 ,0
60192 ,0
60204 ,0
60216 ,0
60228 ,0
60240 ,0
60252 ,0
60264 ,0
60276 ,0
60288 ,0
60300 ,0
60312 ,0
60324 ,0
60336 ,0
60348 ,0
60360 ,0
60372 ,0
60384 ,0
60396 ,0
60408 ,0
60420 ,0
60432 ,0
60444 ,0
60456 ,1
60468 ,0
60480 ,0
60492 ,0
60504 ,1
60516 ,0
60528 ,0
60540 ,0
60552 ,0
60564 ,0
60576 ,0
60588 ,0
60600 ,1
60612 ,0
60624 ,0
60636 ,0
60648 ,0
60660 ,1
60672 ,1
60684 ,0
60696 ,0
60708 ,0
60720 ,1
60732 ,0
60744 ,0
60756 ,0
60768 ,0
60780 ,0
60792 ,0
60804 ,0
60816 ,0
60828 ,0
60840 ,0
60852 ,0
60864 ,0
60876 ,0
60888 ,0
60900 ,0
60912 ,0
60924 ,0
60936 ,0
60948 ,0
60960 ,0
60972 ,0
60984 ,0
60996 ,0
61008 ,1
61020 ,1
61032 ,0
61044 ,0
61056 ,0
61068 ,0
61080 ,0
61092 ,0
61104 ,0
61116 ,0
61128 ,0
61140 ,1
61152 ,0
61164 ,0
61176 ,0
61188 ,0
61200 ,0
61212 ,0
61224 ,0
61236 ,0
61248 ,0
61260 ,0
61272 ,0
61284 ,0
61296 ,0
61308 ,0
61320 ,0
61332 ,1
61344 ,0
61356 ,0
61368 ,0
61380 ,0
61392 ,1
61404 ,0
61416 ,0
61428 ,1
61440 ,0
61452 ,0
61464 ,0
61476 ,0
61488 ,0
61500 ,0
61512 ,0
61524 ,0
61536 ,0
61548 ,0
61560 ,0
61572 ,0
61584 ,0
61596 ,0
61608 ,0
61620 ,0
61632 ,0
61644 ,0
61656 ,0
61668 ,0
61680 ,0
61692 ,1
61704 ,0
61716 ,0
61728 ,0
61740 ,0
61752 ,0
61764 ,1
61776 ,1
61788 ,0
61800 ,1
61812 ,0
61824 ,0
61836 ,0
61848 ,0
61860 ,0
61872 ,0
61884 ,0
61896 ,0
61908 ,0
61920 ,0
61932 ,1
61944 ,1
61956 ,1
61968 ,0
61980 ,0
61992 ,0
62004 ,1
62016 ,0
62028 ,0
62040 ,1
62052 ,0
62064 ,0
62076 ,0
62088 ,1
62100 ,0
62112 ,1
62124 ,0
62136 ,0
62148 ,0
62160 ,1
62172 ,0
62184 ,0
62196 ,0
62208 ,0
62220 ,0
62232 ,0
62244 ,0
62256 ,0
62268 ,0
62280 ,0
62292 ,1
62304 ,1
62316 ,0
62328 ,0
62340 ,0
62352 ,0
62364 ,0
62376 ,0
62388 ,0
62400 ,0
62412 ,0
62424 ,0
62436 ,0
62448 ,0
62460 ,0
62472 ,1
62484 ,0
62496 ,0
62508 ,0
62520 ,0
62532 ,0
62544 ,0
62556 ,0
62568 ,0
62580 ,0
62592 ,0
62604 ,0
62616 ,0
62628 ,0
62640 ,0
62652 ,0
62664 ,0
62676 ,0
62688 ,0
62700 ,0
62712 ,0
62724 ,0
62736 ,0
62748 ,0
62760 ,0
62772 ,0
62784 ,0
62796 ,0
62808 ,0
62820 ,0
62832 ,0
62844 ,0
62856 ,0
62868 ,0
62880 ,0
62892 ,1
62904 ,1
62916 ,0
62928 ,0
62940 ,0
62952 ,0
62964 ,0
62976 ,0
62988 ,0
63000 ,1
63012 ,0
63024 ,0
63036 ,0
63048 ,0
63060 ,0
63072 ,0
63084 ,0
63096 ,0
63108 ,0
63120 ,0
63132 ,0
63144 ,0
63156 ,0
63168 ,0
63180 ,0
63192 ,0
63204 ,1
63216 ,0
63228 ,0
63240 ,0
63252 ,0
63264 ,0
63276 ,0
63288 ,0
63300 ,0
63312 ,0
63324 ,0
63336 ,0
63348 ,0
63360 ,0
63372 ,1
63384 ,0
63396 ,1
63408 ,0
63420 ,0
63432 ,0
63444 ,0
63456 ,0
63468 ,0
63480 ,0
63492 ,0
63504 ,2
63516 ,0
63528 ,0
63540 ,0
63552 ,0
63564 ,0
63576 ,0
63588 ,0
63600 ,0
63612 ,0
63624 ,0
63636 ,0
63648 ,0
63660 ,0
63672 ,0
63684 ,0
63696 ,0
63708 ,0
63720 ,0
63732 ,0
63744 ,0
63756 ,0
63768 ,0
63780 ,0
63792 ,0
63804 ,0
63816 ,0
63828 ,0
63840 ,0
63852 ,0
63864 ,0
63876 ,0
63888 ,1
63900 ,1
63912 ,0
63924 ,0
63936 ,0
63948 ,1
63960 ,1
63972 ,0
63984 ,0
63996 ,0
64008 ,0
64020 ,0
64032 ,1
64044 ,0
64056 ,0
64068 ,0
64080 ,0
64092 ,0
64104 ,0
64116 ,0
64128 ,0
64140 ,0
64152 ,0
64164 ,1
64176 ,0
64188 ,0
64200 ,1
64212 ,0
64224 ,2
64236 ,0
64248 ,1
64260 ,0
64272 ,0
64284 ,0
64296 ,0
64308 ,0
64320 ,0
64332 ,0
64344 ,0
64356 ,0
64368 ,1
64380 ,0
64392 ,0
64404 ,0
64416 ,1
64428 ,0
64440 ,0
64452 ,0
64464 ,0
64476 ,0
64488 ,0
64500 ,0
64512 ,0
64524 ,0
64536 ,0
64548 ,1
64560 ,0
64572 ,1
64584 ,0
64596 ,0
64608 ,1
64620 ,1
64632 ,0
64644 ,0
64656 ,0
64668 ,0
64680 ,1
64692 ,0
64704 ,0
64716 ,0
64728 ,0
64740 ,0
64752 ,0
64764 ,0
64776 ,0
64788 ,0
64800 ,0
64812 ,0
64824 ,0
64836 ,0
64848 ,1
64860 ,0
64872 ,0
64884 ,0
64896 ,0
64908 ,1
64920 ,0
64932 ,0
64944 ,0
64956 ,0
64968 ,0
64980 ,0
64992 ,0
65004 ,0
65016 ,0
65028 ,1
65040 ,0
65052 ,0
65064 ,0
65076 ,0
65088 ,0
65100 ,0
65112 ,0
65124 ,0
65136 ,0
65148 ,0
65160 ,0
65172 ,0
65184 ,0
65196 ,0
65208 ,0
65220 ,0
65232 ,0
65244 ,0
65256 ,0
65268 ,0
65280 ,0
65292 ,0
65304 ,0
65316 ,0
65328 ,0
65340 ,0
65352 ,0
65364 ,1
65376 ,0
65388 ,0
65400 ,0
65412 ,0
65424 ,0
65436 ,0
65448 ,0
65460 ,1
65472 ,0
65484 ,0
65496 ,0
65508 ,0
65520 ,0
65532 ,0
65544 ,0
65556 ,0
65568 ,0
65580 ,0
65592 ,1
65604 ,1
65616 ,0
65628 ,0
65640 ,0
65652 ,0
65664 ,0
65676 ,0
65688 ,0
65700 ,0
65712 ,1
65724 ,0
65736 ,0
65748 ,1
65760 ,0
65772 ,0
65784 ,1
65796 ,0
65808 ,0
65820 ,0
65832 ,0
65844 ,0
65856 ,1
65868 ,0
65880 ,0
65892 ,1
65904 ,0
65916 ,0
65928 ,0
65940 ,0
65952 ,0
65964 ,1
65976 ,0
65988 ,0
66000 ,1
66012 ,0
66024 ,0
66036 ,0
66048 ,0
66060 ,0
66072 ,1
66084 ,0
66096 ,1
66108 ,0
66120 ,0
66132 ,0
66144 ,0
66156 ,0
66168 ,0
66180 ,0
66192 ,0
66204 ,0
66216 ,0
66228 ,1
66240 ,0
66252 ,0
66264 ,0
66276 ,0
66288 ,0
66300 ,0
66312 ,1
66324 ,0
66336 ,0
66348 ,0
66360 ,0
66372 ,0
66384 ,0
66396 ,0
66408 ,0
66420 ,0
66432 ,0
66444 ,0
66456 ,0
66468 ,1
66480 ,0
66492 ,0
66504 ,0
66516 ,0
66528 ,0
66540 ,0
66552 ,0
66564 ,0
66576 ,0
66588 ,0
66600 ,1
66612 ,0
66624 ,0
66636 ,0
66648 ,0
66660 ,0
66672 ,0
66684 ,0
66696 ,0
66708 ,0
66720 ,0
66732 ,0
66744 ,0
66756 ,0
66768 ,0
66780 ,0
66792 ,0
66804 ,0
66816 ,0
66828 ,0
66840 ,0
66852 ,1
66864 ,0
66876 ,0
66888 ,0
66900 ,0
66912 ,0
66924 ,0
66936 ,0
66948 ,0
66960 ,0
66972 ,0
66984 ,0
66996 ,0
67008 ,0
67020 ,0
67032 ,0
67044 ,0
67056 ,0
67068 ,0
67080 ,0
67092 ,0
67104 ,0
67116 ,0
67128 ,1
67140 ,0
67152 ,0
67164 ,0
67176 ,0
67188 ,0
67200 ,0
67212 ,0
67224 ,0
67236 ,0
67248 ,0
67260 ,0
67272 ,0
67284 ,0
67296 ,0
67308 ,0
67320 ,0
67332 ,0
67344 ,0
67356 ,0
67368 ,0
67380 ,0
67392 ,1
67404 ,0
67416 ,1
67428 ,0
67440 ,0
67452 ,0
67464 ,0
67476 ,0
67488 ,0
67500 ,0
67512 ,0
67524 ,0
67536 ,0
67548 ,0
67560 ,1
67572 ,0
67584 ,0
67596 ,0
67608 ,0
67620 ,0
67632 ,0
67644 ,1
67656 ,0
67668 ,0
67680 ,0
67692 ,0
67704 ,0
67716 ,0
67728 ,0
67740 ,1
67752 ,0
67764 ,1
67776 ,0
67788 ,0
67800 ,0
67812 ,0
67824 ,0
67836 ,0
67848 ,0
67860 ,0
67872 ,0
67884 ,0
67896 ,0
67908 ,0
67920 ,0
67932 ,0
67944 ,0
67956 ,0
67968 ,0
67980 ,0
67992 ,0
68004 ,0
68016 ,0
68028 ,0
68040 ,0
68052 ,1
68064 ,0
68076 ,0
68088 ,0
68100 ,0
68112 ,0
68124 ,0
68136 ,0
68148 ,0
68160 ,1
68172 ,0
68184 ,0
68196 ,0
68208 ,0
68220 ,0
68232 ,0
68244 ,0
68256 ,0
68268 ,0
68280 ,0
68292 ,0
68304 ,0
68316 ,0
68328 ,0
68340 ,0
68352 ,0
68364 ,0
68376 ,0
68388 ,0
68400 ,0
68412 ,0
68424 ,0
68436 ,0
68448 ,0
68460 ,0
68472 ,0
68484 ,0
68496 ,0
68508 ,0
68520 ,0
68532 ,0
68544 ,0
68556 ,0
68568 ,0
68580 ,0
68592 ,0
68604 ,0
68616 ,0
68628 ,0
68640 ,0
68652 ,0
68664 ,0
68676 ,1
68688 ,0
68700 ,1
68712 ,1
68724 ,0
68736 ,0
68748 ,0
68760 ,0
68772 ,0
68784 ,0
68796 ,0
68808 ,0
68820 ,0
68832 ,1
68844 ,0
68856 ,1
68868 ,1
68880 ,0
68892 ,0
68904 ,0
68916 ,0
68928 ,1
68940 ,0
68952 ,0
68964 ,0
68976 ,0
68988 ,0
69000 ,0
69012 ,0
69024 ,0
69036 ,0
69048 ,0
69060 ,0
69072 ,0
69084 ,0
69096 ,0
69108 ,0
69120 ,0
69132 ,0
69144 ,0
69156 ,1
69168 ,0
69180 ,0
69192 ,0
69204 ,0
69216 ,0
69228 ,0
69240 ,0
69252 ,0
69264 ,0
69276 ,0
69288 ,0
69300 ,0
69312 ,0
69324 ,0
69336 ,1
69348 ,0
69360 ,0
69372 ,0
69384 ,0
69396 ,0
69408 ,0
69420 ,0
69432 ,0
69444 ,1
69456 ,0
69468 ,0
69480 ,0
69492 ,0
69504 ,0
69516 ,0
69528 ,0
69540 ,0
69552 ,0
69564 ,0
69576 ,2
69588 ,0
69600 ,1
69612 ,0
69624 ,1
69636 ,1
69648 ,0
69660 ,1
69672 ,0
69684 ,0
69696 ,0
69708 ,0
69720 ,0
69732 ,0
69744 ,0
69756 ,0
69768 ,0
69780 ,0
69792 ,2
69804 ,0
69816 ,0
69828 ,0
69840 ,0
69852 ,0
69864 ,0
69876 ,0
69888 ,0
69900 ,0
69912 ,0
69924 ,0
69936 ,0
69948 ,0
69960 ,0
69972 ,0
69984 ,0
69996 ,0
70008 ,0
70020 ,0
70032 ,1
70044 ,0
70056 ,0
70068 ,0
70080 ,0
70092 ,1
70104 ,0
70116 ,0
70128 ,0
70140 ,0
70152 ,0
70164 ,0
70176 ,0
70188 ,0
70200 ,1
70212 ,0
70224 ,0
70236 ,0
70248 ,0
70260 ,0
70272 ,0
70284 ,0
70296 ,1
70308 ,0
70320 ,0
70332 ,1
70344 ,0
70356 ,0
70368 ,0
70380 ,0
70392 ,0
70404 ,0
70416 ,0
70428 ,0
70440 ,0
70452 ,0
70464 ,0
70476 ,0
70488 ,0
70500 ,0
70512 ,0
70524 ,0
70536 ,0
70548 ,0
70560 ,1
70572 ,0
70584 ,0
70596 ,0
70608 ,0
70620 ,0
70632 ,1
70644 ,0
70656 ,0
70668 ,0
70680 ,0
70692 ,0
70704 ,0
70716 ,0
70728 ,0
70740 ,1
70752 ,0
70764 ,0
70776 ,0
70788 ,0
70800 ,1
70812 ,0
70824 ,0
70836 ,1
70848 ,0
70860 ,0
70872 ,0
70884 ,0
70896 ,0
70908 ,0
70920 ,1
70932 ,0
70944 ,0
70956 ,1
70968 ,0
70980 ,0
70992 ,0
71004 ,0
71016 ,0
71028 ,0
71040 ,0
71052 ,1
71064 ,0
71076 ,0
71088 ,0
71100 ,0
71112 ,0
71124 ,0
71136 ,1
71148 ,0
71160 ,1
71172 ,1
71184 ,0
71196 ,0
71208 ,1
71220 ,1
71232 ,0
71244 ,0
71256 ,0
71268 ,0
71280 ,0
71292 ,0
71304 ,0
71316 ,0
71328 ,0
71340 ,0
71352 ,0
71364 ,0
71376 ,0
71388 ,0
71400 ,0
71412 ,0
71424 ,0
71436 ,0
71448 ,0
71460 ,0
71472 ,0
71484 ,0
71496 ,0
71508 ,0
71520 ,0
71532 ,1
71544 ,0
71556 ,0
71568 ,0
71580 ,0
71592 ,0
71604 ,0
71616 ,0
71628 ,0
71640 ,0
71652 ,0
71664 ,0
71676 ,0
71688 ,0
71700 ,0
71712 ,1
71724 ,0
71736 ,0
71748 ,0
71760 ,0
71772 ,0
71784 ,1
71796 ,0
71808 ,0
71820 ,0
71832 ,0
71844 ,0
71856 ,0
71868 ,0
71880 ,0
71892 ,0
71904 ,0
71916 ,0
71928 ,0
71940 ,0
71952 ,0
71964 ,0
71976 ,0
71988 ,0
72000 ,0
72012 ,0
72024 ,1
72036 ,0
72048 ,1
72060 ,0
72072 ,0
72084 ,0
72096 ,0
72108 ,1
72120 ,0
72132 ,0
72144 ,0
72156 ,0
72168 ,0
72180 ,0
72192 ,0
72204 ,0
72216 ,1
72228 ,0
72240 ,0
72252 ,0
72264 ,0
72276 ,0
72288 ,0
72300 ,0
72312 ,0
72324 ,1
72336 ,0
72348 ,0
72360 ,0
72372 ,1
72384 ,0
72396 ,0
72408 ,0
72420 ,0
72432 ,0
72444 ,0
72456 ,0
72468 ,0
72480 ,0
72492 ,0
72504 ,0
72516 ,0
72528 ,0
72540 ,1
72552 ,0
72564 ,0
72576 ,0
72588 ,0
72600 ,0
72612 ,0
72624 ,0
72636 ,0
72648 ,0
72660 ,0
72672 ,1
72684 ,0
72696 ,0
72708 ,0
72720 ,1
72732 ,0
72744 ,0
72756 ,0
72768 ,1
72780 ,0
72792 ,0
72804 ,1
72816 ,0
72828 ,0
72840 ,0
72852 ,1
72864 ,0
72876 ,0
72888 ,0
72900 ,0
72912 ,0
72924 ,1
72936 ,1
72948 ,0
72960 ,0
72972 ,0
72984 ,0
72996 ,0
73008 ,0
73020 ,0
73032 ,0
73044 ,0
73056 ,1
73068 ,0
73080 ,0
73092 ,0
73104 ,0
73116 ,0
73128 ,0
73140 ,0
73152 ,0
73164 ,0
73176 ,0
73188 ,0
73200 ,0
73212 ,0
73224 ,0
73236 ,0
73248 ,0
73260 ,0
73272 ,0
73284 ,0
73296 ,0
73308 ,0
73320 ,0
73332 ,0
73344 ,0
73356 ,0
73368 ,0
73380 ,0
73392 ,0
73404 ,0
73416 ,0
73428 ,0
73440 ,0
73452 ,0
73464 ,0
73476 ,0
73488 ,0
73500 ,0
73512 ,0
73524 ,0
73536 ,0
73548 ,1
73560 ,1
73572 ,0
73584 ,0
73596 ,0
73608 ,0
73620 ,0
73632 ,0
73644 ,0
73656 ,0
73668 ,0
73680 ,0
73692 ,0
73704 ,0
73716 ,0
73728 ,0
73740 ,1
73752 ,0
73764 ,1
73776 ,0
73788 ,0
73800 ,0
73812 ,0
73824 ,0
73836 ,1
73848 ,0
73860 ,1
73872 ,0
73884 ,0
73896 ,0
73908 ,0
73920 ,0
73932 ,0
73944 ,0
73956 ,1
73968 ,0
73980 ,1
73992 ,0
74004 ,1
74016 ,0
74028 ,0
74040 ,0
74052 ,0
74064 ,0
74076 ,0
74088 ,0
74100 ,0
74112 ,1
74124 ,1
74136 ,0
74148 ,0
74160 ,0
74172 ,0
74184 ,0
74196 ,0
74208 ,2
74220 ,0
74232 ,0
74244 ,0
74256 ,0
74268 ,0
74280 ,0
74292 ,0
74304 ,0
74316 ,0
74328 ,0
74340 ,0
74352 ,1
74364 ,0
74376 ,0
74388 ,0
74400 ,0
74412 ,0
74424 ,0
74436 ,0
74448 ,0
74460 ,0
74472 ,0
74484 ,0
74496 ,0
74508 ,0
74520 ,0
74532 ,0
74544 ,0
74556 ,1
74568 ,0
74580 ,1
74592 ,0
74604 ,0
74616 ,0
74628 ,0
74640 ,1
74652 ,0
74664 ,1
74676 ,0
74688 ,0
74700 ,0
74712 ,0
74724 ,0
74736 ,0
74748 ,0
74760 ,0
74772 ,0
74784 ,0
74796 ,0
74808 ,0
74820 ,1
74832 ,0
74844 ,0
74856 ,0
74868 ,0
74880 ,0
74892 ,0
74904 ,0
74916 ,0
74928 ,0
74940 ,0
74952 ,0
74964 ,0
74976 ,0
74988 ,0
75000 ,0
75012 ,0
75024 ,0
75036 ,1
75048 ,0
75060 ,0
75072 ,0
75084 ,0
75096 ,0
75108 ,0
75120 ,0
75132 ,0
75144 ,0
75156 ,0
75168 ,1
75180 ,0
75192 ,0
75204 ,0
75216 ,0
75228 ,0
75240 ,0
75252 ,1
75264 ,0
75276 ,0
75288 ,0
75300 ,0
75312 ,0
75324 ,0
75336 ,0
75348 ,0
75360 ,0
75372 ,0
75384 ,0
75396 ,0
75408 ,0
75420 ,0
75432 ,0
75444 ,0
75456 ,0
75468 ,0
75480 ,0
75492 ,0
75504 ,0
75516 ,0
75528 ,0
75540 ,0
75552 ,0
75564 ,0
75576 ,0
75588 ,0
75600 ,0
75612 ,0
75624 ,0
75636 ,0
75648 ,0
75660 ,0
75672 ,0
75684 ,0
75696 ,0
75708 ,0
75720 ,0
75732 ,1
75744 ,0
75756 ,0
75768 ,0
75780 ,0
75792 ,0
75804 ,0
75816 ,0
75828 ,0
75840 ,1
75852 ,0
75864 ,0
75876 ,0
75888 ,0
75900 ,0
75912 ,0
75924 ,0
75936 ,0
75948 ,0
75960 ,0
75972 ,1
75984 ,0
75996 ,0
76008 ,0
76020 ,0
76032 ,0
76044 ,0
76056 ,0
76068 ,0
76080 ,1
76092 ,0
76104 ,0
76116 ,0
76128 ,0
76140 ,0
76152 ,0
76164 ,0
76176 ,0
76188 ,0
76200 ,0
76212 ,0
76224 ,0
76236 ,0
76248 ,0
76260 ,0
76272 ,0
76284 ,0
76296 ,0
76308 ,0
76320 ,0
76332 ,0
76344 ,0
76356 ,0
76368 ,0
76380 ,0
76392 ,0
76404 ,0
76416 ,0
76428 ,0
76440 ,0
76452 ,0
76464 ,0
76476 ,0
76488 ,0
76500 ,0
76512 ,0
76524 ,0
76536 ,0
76548 ,0
76560 ,1
76572 ,0
76584 ,0
76596 ,0
76608 ,0
76620 ,0
76632 ,0
76644 ,0
76656 ,0
76668 ,0
76680 ,1
76692 ,0
76704 ,0
76716 ,1
76728 ,0
76740 ,0
76752 ,0
76764 ,0
76776 ,0
76788 ,0
76800 ,0
76812 ,2
76824 ,0
76836 ,0
76848 ,0
76860 ,0
76872 ,0
76884 ,0
76896 ,1
76908 ,0
76920 ,0
76932 ,0
76944 ,0
76956 ,0
76968 ,0
76980 ,0
76992 ,0
77004 ,0
77016 ,0
77028 ,0
77040 ,0
77052 ,0
77064 ,0
77076 ,0
77088 ,0
77100 ,0
77112 ,0
77124 ,0
77136 ,0
77148 ,0
77160 ,0
77172 ,0
77184 ,0
77196 ,0
77208 ,0
77220 ,0
77232 ,0
77244 ,0
77256 ,0
77268 ,0
77280 ,0
77292 ,0
77304 ,0
77316 ,0
77328 ,0
77340 ,0
77352 ,0
77364 ,0
77376 ,0
77388 ,0
77400 ,0
77412 ,0
77424 ,0
77436 ,0
77448 ,0
77460 ,0
77472 ,0
77484 ,0
77496 ,1
77508 ,0
77520 ,1
77532 ,0
77544 ,1
77556 ,0
77568 ,0
77580 ,1
77592 ,0
77604 ,0
77616 ,1
77628 ,0
77640 ,0
77652 ,0
77664 ,0
77676 ,0
77688 ,0
77700 ,0
77712 ,0
77724 ,0
77736 ,0
77748 ,0
77760 ,0
77772 ,0
77784 ,0
77796 ,1
77808 ,0
77820 ,0
77832 ,0
77844 ,0
77856 ,0
77868 ,0
77880 ,0
77892 ,0
77904 ,0
77916 ,0
77928 ,0
77940 ,1
77952 ,0
77964 ,0
77976 ,0
77988 ,0
78000 ,0
78012 ,0
78024 ,0
78036 ,0
78048 ,0
78060 ,0
78072 ,0
78084 ,0
78096 ,0
78108 ,0
78120 ,1
78132 ,0
78144 ,0
78156 ,0
78168 ,0
78180 ,0
78192 ,0
78204 ,0
78216 ,0
78228 ,1
78240 ,0
78252 ,0
78264 ,0
78276 ,0
78288 ,0
78300 ,0
78312 ,0
78324 ,0
78336 ,0
78348 ,0
78360 ,0
78372 ,1
78384 ,0
78396 ,0
78408 ,0
78420 ,0
78432 ,0
78444 ,0
78456 ,0
78468 ,0
78480 ,0
78492 ,0
78504 ,0
78516 ,0
78528 ,0
78540 ,0
78552 ,0
78564 ,0
78576 ,1
78588 ,0
78600 ,0
78612 ,0
78624 ,1
78636 ,0
78648 ,0
78660 ,0
78672 ,0
78684 ,0
78696 ,0
78708 ,0
78720 ,1
78732 ,1
78744 ,0
78756 ,0
78768 ,0
78780 ,0
78792 ,0
78804 ,0
78816 ,0
78828 ,0
78840 ,1
78852 ,0
78864 ,0
78876 ,0
78888 ,0
78900 ,0
78912 ,0
78924 ,0
78936 ,0
78948 ,0
78960 ,0
78972 ,0
78984 ,0
78996 ,1
79008 ,1
79020 ,0
79032 ,0
79044 ,0
79056 ,0
79068 ,0
79080 ,0
79092 ,0
79104 ,0
79116 ,0
79128 ,0
79140 ,1
79152 ,0
79164 ,0
79176 ,0
79188 ,1
79200 ,0
79212 ,0
79224 ,0
79236 ,0
79248 ,0
79260 ,0
79272 ,0
79284 ,0
79296 ,0
79308 ,0
79320 ,0
79332 ,0
79344 ,1
79356 ,0
79368 ,0
79380 ,0
79392 ,0
79404 ,0
79416 ,0
79428 ,0
79440 ,0
79452 ,0
79464 ,0
79476 ,0
79488 ,0
79500 ,0
79512 ,0
79524 ,0
79536 ,0
79548 ,0
79560 ,0
79572 ,0
79584 ,0
79596 ,0
79608 ,0
79620 ,0
79632 ,0
79644 ,0
79656 ,0
79668 ,1
79680 ,0
79692 ,0
79704 ,0
79716 ,0
79728 ,0
79740 ,0
79752 ,1
79764 ,0
79776 ,0
79788 ,1
79800 ,0
79812 ,0
79824 ,0
79836 ,0
79848 ,1
79860 ,0
79872 ,0
79884 ,0
79896 ,0
79908 ,0
79920 ,0
79932 ,0
79944 ,0
79956 ,0
79968 ,0
79980 ,0
79992 ,0
80004 ,0
80016 ,0
80028 ,0
80040 ,0
80052 ,1
80064 ,0
80076 ,0
80088 ,0
80100 ,0
80112 ,0
80124 ,0
80136 ,0
80148 ,0
80160 ,0
80172 ,0
80184 ,1
80196 ,0
80208 ,0
80220 ,0
80232 ,0
80244 ,0
80256 ,0
80268 ,0
80280 ,0
80292 ,0
80304 ,0
80316 ,0
80328 ,0
80340 ,2
80352 ,0
80364 ,1
80376 ,0
80388 ,0
80400 ,0
80412 ,0
80424 ,0
80436 ,0
80448 ,0
80460 ,0
80472 ,0
80484 ,0
80496 ,1
80508 ,0
80520 ,1
80532 ,0
80544 ,0
80556 ,0
80568 ,0
80580 ,0
80592 ,0
80604 ,0
80616 ,1
80628 ,0
80640 ,0
80652 ,0
80664 ,0
80676 ,0
80688 ,0
80700 ,0
80712 ,0
80724 ,0
80736 ,0
80748 ,1
80760 ,2
80772 ,1
80784 ,0
80796 ,0
80808 ,0
80820 ,0
80832 ,0
80844 ,1
80856 ,1
80868 ,0
80880 ,0
80892 ,0
80904 ,0
80916 ,0
80928 ,0
80940 ,0
80952 ,0
80964 ,0
80976 ,1
80988 ,0
81000 ,0
81012 ,0
81024 ,0
81036 ,0
81048 ,0
81060 ,0
81072 ,1
81084 ,0
81096 ,0
81108 ,0
81120 ,0
81132 ,0
81144 ,0
81156 ,0
81168 ,0
81180 ,0
81192 ,0
81204 ,0
81216 ,0
81228 ,1
81240 ,0
81252 ,0
81264 ,0
81276 ,0
81288 ,0
81300 ,0
81312 ,0
81324 ,0
81336 ,0
81348 ,1
81360 ,0
81372 ,0
81384 ,0
81396 ,0
81408 ,0
81420 ,1
81432 ,0
81444 ,0
81456 ,0
81468 ,0
81480 ,0
81492 ,0
81504 ,1
81516 ,0
81528 ,0
81540 ,0
81552 ,0
81564 ,0
81576 ,1
81588 ,0
81600 ,0
81612 ,0
81624 ,0
81636 ,0
81648 ,1
81660 ,0
81672 ,0
81684 ,0
81696 ,0
81708 ,0
81720 ,0
81732 ,0
81744 ,0
81756 ,0
81768 ,0
81780 ,0
81792 ,0
81804 ,0
81816 ,0
81828 ,0
81840 ,0
81852 ,0
81864 ,0
81876 ,1
81888 ,0
81900 ,0
81912 ,0
81924 ,0
81936 ,0
81948 ,0
81960 ,0
81972 ,0
81984 ,0
81996 ,0
82008 ,0
82020 ,0
82032 ,0
82044 ,0
82056 ,0
82068 ,1
82080 ,0
82092 ,0
82104 ,0
82116 ,0
82128 ,0
82140 ,0
82152 ,0
82164 ,0
82176 ,0
82188 ,0
82200 ,0
82212 ,1
82224 ,0
82236 ,1
82248 ,0
82260 ,1
82272 ,0
82284 ,0
82296 ,0
82308 ,0
82320 ,0
82332 ,0
82344 ,0
82356 ,0
82368 ,0
82380 ,0
82392 ,0
82404 ,0
82416 ,0
82428 ,0
82440 ,0
82452 ,0
82464 ,0
82476 ,0
82488 ,0
82500 ,0
82512 ,1
82524 ,0
82536 ,0
82548 ,0
82560 ,0
82572 ,0
82584 ,0
82596 ,0
82608 ,1
82620 ,0
82632 ,0
82644 ,0
82656 ,1
82668 ,0
82680 ,0
82692 ,0
82704 ,0
82716 ,0
82728 ,0
82740 ,0
82752 ,0
82764 ,0
82776 ,0
82788 ,0
82800 ,0
82812 ,0
82824 ,0
82836 ,1
82848 ,0
82860 ,0
82872 ,0
82884 ,0
82896 ,0
82908 ,0
82920 ,0
82932 ,0
82944 ,0
82956 ,0
82968 ,0
82980 ,0
82992 ,0
83004 ,0
83016 ,0
83028 ,0
83040 ,0
83052 ,0
83064 ,0
83076 ,0
83088 ,0
83100 ,0
83112 ,0
83124 ,1
83136 ,1
83148 ,1
83160 ,0
83172 ,0
83184 ,0
83196 ,0
83208 ,0
83220 ,2
83232 ,0
83244 ,0
83256 ,0
83268 ,0
83280 ,1
83292 ,1
83304 ,0
83316 ,0
83328 ,2
83340 ,0
83352 ,0
83364 ,0
83376 ,0
83388 ,0
83400 ,0
83412 ,0
83424 ,0
83436 ,0
83448 ,0
83460 ,1
83472 ,0
83484 ,0
83496 ,0
83508 ,0
83520 ,1
83532 ,0
83544 ,0
83556 ,0
83568 ,0
83580 ,0
83592 ,0
83604 ,0
83616 ,0
83628 ,0
83640 ,1
83652 ,0
83664 ,0
83676 ,0
83688 ,0
83700 ,0
83712 ,0
83724 ,0
83736 ,0
83748 ,0
83760 ,0
83772 ,0
83784 ,0
83796 ,0
83808 ,0
83820 ,0
83832 ,0
83844 ,0
83856 ,0
83868 ,0
83880 ,1
83892 ,0
83904 ,0
83916 ,0
83928 ,0
83940 ,0
83952 ,0
83964 ,0
83976 ,0
83988 ,0
84000 ,0
84012 ,0
84024 ,0
84036 ,0
84048 ,0
84060 ,0
84072 ,0
84084 ,0
84096 ,0
84108 ,0
84120 ,0
84132 ,0
84144 ,0
84156 ,0
84168 ,0
84180 ,0
84192 ,0
84204 ,0
84216 ,0
84228 ,0
84240 ,0
84252 ,0
84264 ,0
84276 ,0
84288 ,0
84300 ,0
84312 ,0
84324 ,1
84336 ,0
84348 ,0
84360 ,0
84372 ,0
84384 ,0
84396 ,0
84408 ,0
84420 ,0
84432 ,0
84444 ,0
84456 ,0
84468 ,0
84480 ,0
84492 ,0
84504 ,0
84516 ,0
84528 ,0
84540 ,0
84552 ,0
84564 ,0
84576 ,0
84588 ,0
84600 ,0
84612 ,0
84624 ,0
84636 ,0
84648 ,0
84660 ,0
84672 ,0
84684 ,0
84696 ,0
84708 ,0
84720 ,1
84732 ,0
84744 ,0
84756 ,1
84768 ,0
84780 ,0
84792 ,0
84804 ,1
84816 ,0
84828 ,1
84840 ,0
84852 ,0
84864 ,0
84876 ,0
84888 ,0
84900 ,0
84912 ,1
84924 ,0
84936 ,0
84948 ,0
84960 ,0
84972 ,0
84984 ,0
84996 ,0
85008 ,0
85020 ,0
85032 ,0
85044 ,0
85056 ,0
85068 ,0
85080 ,0
85092 ,0
85104 ,0
85116 ,0
85128 ,1
85140 ,0
85152 ,0
85164 ,0
85176 ,0
85188 ,0
85200 ,0
85212 ,0
85224 ,0
85236 ,0
85248 ,0
85260 ,0
85272 ,0
85284 ,0
85296 ,0
85308 ,0
85320 ,0
85332 ,0
85344 ,0
85356 ,0
85368 ,0
85380 ,0
85392 ,1
85404 ,0
85416 ,0
85428 ,0
85440 ,0
85452 ,0
85464 ,0
85476 ,0
85488 ,0
85500 ,0
85512 ,0
85524 ,0
85536 ,0
85548 ,0
85560 ,0
85572 ,0
85584 ,0
85596 ,1
85608 ,0
85620 ,0
85632 ,0
85644 ,0
85656 ,0
85668 ,0
85680 ,0
85692 ,0
85704 ,0
85716 ,1
85728 ,0
85740 ,0
85752 ,0
85764 ,0
85776 ,0
85788 ,0
85800 ,0
85812 ,0
85824 ,0
85836 ,0
85848 ,0
85860 ,0
85872 ,0
85884 ,0
85896 ,0
85908 ,0
85920 ,0
85932 ,0
85944 ,0
85956 ,0
85968 ,0
85980 ,0
85992 ,0
86004 ,0
86016 ,0
86028 ,0
86040 ,0
86052 ,0
86064 ,0
86076 ,0
86088 ,0
86100 ,0
86112 ,0
86124 ,0
86136 ,0
86148 ,0
86160 ,0
86172 ,0
86184 ,0
86196 ,0
86208 ,0
86220 ,0
86232 ,0
86244 ,0
86256 ,0
86268 ,0
86280 ,0
86292 ,0
86304 ,0
86316 ,0
86328 ,1
86340 ,0
86352 ,1
86364 ,0
86376 ,0
86388 ,0
86400 ,0
86412 ,0
86424 ,0
86436 ,0
86448 ,1
86460 ,0
86472 ,0
86484 ,0
86496 ,0
86508 ,0
86520 ,0
86532 ,0
86544 ,0
86556 ,0
86568 ,0
86580 ,0
86592 ,0
86604 ,1
86616 ,0
86628 ,1
86640 ,0
86652 ,0
86664 ,0
86676 ,0
86688 ,0
86700 ,0
86712 ,0
86724 ,0
86736 ,0
86748 ,0
86760 ,0
86772 ,0
86784 ,1
86796 ,0
86808 ,0
86820 ,0
86832 ,0
86844 ,0
86856 ,0
86868 ,0
86880 ,0
86892 ,0
86904 ,0
86916 ,0
86928 ,0
86940 ,0
86952 ,0
86964 ,1
86976 ,0
86988 ,0
87000 ,0
87012 ,0
87024 ,1
87036 ,0
87048 ,0
87060 ,0
87072 ,0
87084 ,0
87096 ,0
87108 ,0
87120 ,0
87132 ,0
87144 ,0
87156 ,0
87168 ,0
87180 ,0
87192 ,1
87204 ,0
87216 ,0
87228 ,0
87240 ,0
87252 ,1
87264 ,0
87276 ,0
87288 ,0
87300 ,0
87312 ,0
87324 ,0
87336 ,0
87348 ,0
87360 ,0
87372 ,0
87384 ,0
87396 ,0
87408 ,0
87420 ,0
87432 ,0
87444 ,0
87456 ,1
87468 ,0
87480 ,1
87492 ,0
87504 ,0
87516 ,0
87528 ,0
87540 ,0
87552 ,1
87564 ,0
87576 ,0
87588 ,0
87600 ,0
87612 ,0
87624 ,0
87636 ,0
87648 ,0
87660 ,0
87672 ,0
87684 ,0
87696 ,0
87708 ,0
87720 ,0
87732 ,0
87744 ,0
87756 ,0
87768 ,0
87780 ,0
87792 ,0
87804 ,0
87816 ,0
87828 ,0
87840 ,0
87852 ,0
87864 ,0
87876 ,0
87888 ,0
87900 ,0
87912 ,0
87924 ,0
87936 ,0
87948 ,0
87960 ,0
87972 ,0
87984 ,0
87996 ,0
88008 ,0
88020 ,0
88032 ,0
88044 ,0
88056 ,0
88068 ,0
88080 ,0
88092 ,0
88104 ,0
88116 ,0
88128 ,0
88140 ,0
88152 ,0
88164 ,0
88176 ,0
88188 ,1
88200 ,0
88212 ,0
88224 ,0
88236 ,0
88248 ,0
88260 ,0
88272 ,0
88284 ,0
88296 ,0
88308 ,0
88320 ,0
88332 ,0
88344 ,0
88356 ,0
88368 ,0
88380 ,0
88392 ,1
88404 ,0
88416 ,0
88428 ,0
88440 ,0
88452 ,0
88464 ,0
88476 ,0
88488 ,0
88500 ,0
88512 ,0
88524 ,1
88536 ,1
88548 ,0
88560 ,1
88572 ,0
88584 ,0
88596 ,0
88608 ,0
88620 ,0
88632 ,0
88644 ,0
88656 ,0
88668 ,0
88680 ,0
88692 ,0
88704 ,0
88716 ,0
88728 ,0
88740 ,0
88752 ,0
88764 ,0
88776 ,0
88788 ,0
88800 ,0
88812 ,0
88824 ,0
88836 ,0
88848 ,0
88860 ,1
88872 ,0
88884 ,0
88896 ,0
88908 ,0
88920 ,0
88932 ,0
88944 ,0
88956 ,0
88968 ,0
88980 ,0
88992 ,0
89004 ,0
89016 ,0
89028 ,0
89040 ,0
89052 ,0
89064 ,0
89076 ,1
89088 ,0
89100 ,0
89112 ,0
89124 ,0
89136 ,0
89148 ,0
89160 ,0
89172 ,0
89184 ,0
89196 ,0
89208 ,0
89220 ,0
89232 ,0
89244 ,0
89256 ,0
89268 ,0
89280 ,0
89292 ,0
89304 ,0
89316 ,0
89328 ,0
89340 ,0
89352 ,0
89364 ,0
89376 ,0
89388 ,0
89400 ,0
89412 ,0
89424 ,0
89436 ,0
89448 ,0
89460 ,0
89472 ,0
89484 ,0
89496 ,0
89508 ,0
89520 ,0
89532 ,0
89544 ,0
89556 ,0
89568 ,0
89580 ,0
89592 ,0
89604 ,0
89616 ,0
89628 ,0
89640 ,0
89652 ,0
89664 ,0
89676 ,0
89688 ,0
89700 ,0
89712 ,0
89724 ,0
89736 ,0
89748 ,0
89760 ,0
89772 ,0
89784 ,0
89796 ,0
89808 ,0
89820 ,0
89832 ,0
89844 ,0
89856 ,0
89868 ,0
89880 ,0
89892 ,0
89904 ,0
89916 ,0
89928 ,0
89940 ,0
89952 ,0
89964 ,0
89976 ,0
89988 ,0
90000 ,0
90012 ,0
90024 ,0
90036 ,0
90048 ,0
90060 ,0
90072 ,0
90084 ,0
90096 ,0
90108 ,0
90120 ,0
90132 ,0
90144 ,0
90156 ,0
90168 ,0
90180 ,0
90192 ,0
90204 ,0
90216 ,0
90228 ,0
90240 ,1
90252 ,0
90264 ,0
90276 ,0
90288 ,0
90300 ,0
90312 ,0
90324 ,0
90336 ,0
90348 ,1
90360 ,0
90372 ,0
90384 ,0
90396 ,0
90408 ,1
90420 ,1
90432 ,0
90444 ,0
90456 ,0
90468 ,0
90480 ,1
90492 ,0
90504 ,0
90516 ,0
90528 ,0
90540 ,0
90552 ,0
90564 ,0
90576 ,0
90588 ,0
90600 ,0
90612 ,0
90624 ,0
90636 ,2
90648 ,0
90660 ,0
90672 ,0
90684 ,0
90696 ,1
90708 ,0
90720 ,0
90732 ,0
90744 ,0
90756 ,0
90768 ,0
90780 ,0
90792 ,0
90804 ,0
90816 ,1
90828 ,0
90840 ,0
90852 ,0
90864 ,0
90876 ,0
90888 ,0
90900 ,0
90912 ,0
90924 ,0
90936 ,0
90948 ,0
90960 ,0
90972 ,0
90984 ,0
90996 ,0
91008 ,0
91020 ,0
91032 ,0
91044 ,0
91056 ,0
91068 ,0
91080 ,0
91092 ,0
91104 ,0
91116 ,0
91128 ,0
91140 ,0
91152 ,0
91164 ,0
91176 ,0
91188 ,0
91200 ,0
91212 ,1
91224 ,0
91236 ,0
91248 ,1
91260 ,0
91272 ,0
91284 ,0
91296 ,1
91308 ,0
91320 ,0
91332 ,0
91344 ,0
91356 ,0
91368 ,0
91380 ,0
91392 ,1
91404 ,0
91416 ,0
91428 ,0
91440 ,0
91452 ,0
91464 ,0
91476 ,0
91488 ,0
91500 ,0
91512 ,0
91524 ,0
91536 ,0
91548 ,0
91560 ,0
91572 ,0
91584 ,0
91596 ,0
91608 ,0
91620 ,0
91632 ,0
91644 ,1
91656 ,0
91668 ,0
91680 ,0
91692 ,0
91704 ,0
91716 ,0
91728 ,0
91740 ,0
91752 ,1
91764 ,0
91776 ,1
91788 ,0
91800 ,0
91812 ,0
91824 ,0
91836 ,0
91848 ,0
91860 ,0
91872 ,0
91884 ,0
91896 ,0
91908 ,0
91920 ,0
91932 ,0
91944 ,0
91956 ,0
91968 ,0
91980 ,0
91992 ,0
92004 ,0
92016 ,0
92028 ,0
92040 ,0
92052 ,0
92064 ,0
92076 ,0
92088 ,0
92100 ,0
92112 ,0
92124 ,0
92136 ,0
92148 ,0
92160 ,0
92172 ,0
92184 ,0
92196 ,0
92208 ,0
92220 ,0
92232 ,0
92244 ,0
92256 ,0
92268 ,0
92280 ,0
92292 ,0
92304 ,0
92316 ,0
92328 ,0
92340 ,1
92352 ,0
92364 ,0
92376 ,0
92388 ,0
92400 ,0
92412 ,0
92424 ,1
92436 ,1
92448 ,0
92460 ,0
92472 ,0
92484 ,0
92496 ,0
92508 ,0
92520 ,0
92532 ,0
92544 ,0
92556 ,1
92568 ,1
92580 ,0
92592 ,0
92604 ,0
92616 ,0
92628 ,0
92640 ,0
92652 ,0
92664 ,0
92676 ,0
92688 ,0
92700 ,0
92712 ,0
92724 ,0
92736 ,0
92748 ,0
92760 ,0
92772 ,0
92784 ,0
92796 ,0
92808 ,0
92820 ,0
92832 ,1
92844 ,0
92856 ,0
92868 ,1
92880 ,0
92892 ,0
92904 ,0
92916 ,0
92928 ,0
92940 ,0
92952 ,0
92964 ,0
92976 ,0
92988 ,0
93000 ,0
93012 ,0
93024 ,0
93036 ,1
93048 ,0
93060 ,0
93072 ,0
93084 ,0
93096 ,2
93108 ,1
93120 ,0
93132 ,0
93144 ,0
93156 ,0
93168 ,0
93180 ,0
93192 ,0
93204 ,0
93216 ,0
93228 ,0
93240 ,0
93252 ,0
93264 ,0
93276 ,0
93288 ,0
93300 ,0
93312 ,0
93324 ,0
93336 ,0
93348 ,0
93360 ,0
93372 ,0
93384 ,0
93396 ,0
93408 ,0
93420 ,0
93432 ,0
93444 ,0
93456 ,1
93468 ,0
93480 ,0
93492 ,0
93504 ,0
93516 ,0
93528 ,0
93540 ,0
93552 ,0
93564 ,0
93576 ,0
93588 ,0
93600 ,2
93612 ,0
93624 ,1
93636 ,0
93648 ,1
93660 ,0
93672 ,0
93684 ,0
93696 ,0
93708 ,0
93720 ,0
93732 ,0
93744 ,0
93756 ,0
93768 ,0
93780 ,0
93792 ,1
93804 ,0
93816 ,0
93828 ,0
93840 ,1
93852 ,0
93864 ,0
93876 ,0
93888 ,0
93900 ,0
93912 ,0
93924 ,0
93936 ,1
93948 ,0
93960 ,0
93972 ,0
93984 ,0
93996 ,0
94008 ,0
94020 ,0
94032 ,0
94044 ,0
94056 ,0
94068 ,0
94080 ,0
94092 ,0
94104 ,0
94116 ,0
94128 ,0
94140 ,0
94152 ,0
94164 ,0
94176 ,0
94188 ,0
94200 ,0
94212 ,0
94224 ,0
94236 ,0
94248 ,0
94260 ,0
94272 ,0
94284 ,1
94296 ,0
94308 ,0
94320 ,0
94332 ,0
94344 ,1
94356 ,0
94368 ,0
94380 ,0
94392 ,0
94404 ,0
94416 ,0
94428 ,0
94440 ,0
94452 ,0
94464 ,0
94476 ,0
94488 ,0
94500 ,0
94512 ,1
94524 ,0
94536 ,0
94548 ,0
94560 ,0
94572 ,0
94584 ,0
94596 ,0
94608 ,0
94620 ,0
94632 ,0
94644 ,0
94656 ,0
94668 ,1
94680 ,0
94692 ,0
94704 ,0
94716 ,0
94728 ,0
94740 ,0
94752 ,0
94764 ,0
94776 ,0
94788 ,0
94800 ,0
94812 ,0
94824 ,0
94836 ,0
94848 ,0
94860 ,0
94872 ,0
94884 ,2
94896 ,0
94908 ,0
94920 ,0
94932 ,0
94944 ,0
94956 ,0
94968 ,0
94980 ,0
94992 ,0
95004 ,0
95016 ,0
95028 ,0
95040 ,0
95052 ,0
95064 ,0
95076 ,0
95088 ,1
95100 ,0
95112 ,0
95124 ,0
95136 ,0
95148 ,0
95160 ,0
95172 ,0
95184 ,0
95196 ,0
95208 ,0
95220 ,0
95232 ,0
95244 ,0
95256 ,0
95268 ,0
95280 ,0
95292 ,0
95304 ,0
95316 ,0
95328 ,0
95340 ,0
95352 ,0
95364 ,0
95376 ,0
95388 ,0
95400 ,0
95412 ,0
95424 ,0
95436 ,0
95448 ,0
95460 ,0
95472 ,0
95484 ,0
95496 ,0
95508 ,0
95520 ,1
95532 ,0
95544 ,0
95556 ,0
95568 ,0
95580 ,0
95592 ,0
95604 ,0
95616 ,0
95628 ,0
95640 ,0
95652 ,0
95664 ,0
95676 ,0
95688 ,0
95700 ,0
95712 ,0
95724 ,0
95736 ,0
95748 ,0
95760 ,0
95772 ,0
95784 ,0
95796 ,0
95808 ,0
95820 ,0
95832 ,1
95844 ,1
95856 ,0
95868 ,0
95880 ,0
95892 ,1
95904 ,0
95916 ,0
95928 ,0
95940 ,0
95952 ,0
95964 ,0
95976 ,0
95988 ,0
96000 ,0
96012 ,0
96024 ,0
96036 ,0
96048 ,0
96060 ,0
96072 ,0
96084 ,0
96096 ,0
96108 ,0
96120 ,1
96132 ,0
96144 ,0
96156 ,0
96168 ,0
96180 ,0
96192 ,0
96204 ,0
96216 ,1
96228 ,0
96240 ,0
96252 ,0
96264 ,0
96276 ,0
96288 ,1
96300 ,0
96312 ,0
96324 ,0
96336 ,0
96348 ,0
96360 ,0
96372 ,0
96384 ,0
96396 ,0
96408 ,0
96420 ,0
96432 ,1
96444 ,1
96456 ,0
96468 ,0
96480 ,0
96492 ,0
96504 ,0
96516 ,0
96528 ,0
96540 ,1
96552 ,0
96564 ,0
96576 ,0
96588 ,0
96600 ,0
96612 ,0
96624 ,0
96636 ,0
96648 ,0
96660 ,0
96672 ,0
96684 ,0
96696 ,0
96708 ,1
96720 ,0
96732 ,0
96744 ,0
96756 ,0
96768 ,0
96780 ,0
96792 ,0
96804 ,0
96816 ,0
96828 ,0
96840 ,0
96852 ,0
96864 ,0
96876 ,0
96888 ,0
96900 ,0
96912 ,0
96924 ,0
96936 ,0
96948 ,0
96960 ,0
96972 ,0
96984 ,0
96996 ,0
97008 ,0
97020 ,0
97032 ,0
97044 ,0
97056 ,0
97068 ,0
97080 ,0
97092 ,0
97104 ,0
97116 ,0
97128 ,0
97140 ,0
97152 ,0
97164 ,0
97176 ,0
97188 ,0
97200 ,0
97212 ,0
97224 ,0
97236 ,1
97248 ,0
97260 ,1
97272 ,0
97284 ,0
97296 ,0
97308 ,0
97320 ,1
97332 ,0
97344 ,0
97356 ,0
97368 ,0
97380 ,0
97392 ,0
97404 ,0
97416 ,0
97428 ,1
97440 ,0
97452 ,0
97464 ,0
97476 ,0
97488 ,0
97500 ,0
97512 ,0
97524 ,0
97536 ,0
97548 ,0
97560 ,0
97572 ,0
97584 ,0
97596 ,0
97608 ,0
97620 ,0
97632 ,0
97644 ,0
97656 ,0
97668 ,0
97680 ,0
97692 ,0
97704 ,1
97716 ,0
97728 ,0
97740 ,0
97752 ,0
97764 ,0
97776 ,0
97788 ,1
97800 ,0
97812 ,0
97824 ,0
97836 ,0
97848 ,0
97860 ,0
97872 ,0
97884 ,0
97896 ,1
97908 ,0
97920 ,0
97932 ,0
97944 ,1
97956 ,0
97968 ,0
97980 ,0
97992 ,0
98004 ,0
98016 ,0
98028 ,0
98040 ,0
98052 ,0
98064 ,0
98076 ,0
98088 ,0
98100 ,0
98112 ,0
98124 ,0
98136 ,0
98148 ,0
98160 ,1
98172 ,0
98184 ,0
98196 ,0
98208 ,0
98220 ,0
98232 ,0
98244 ,0
98256 ,0
98268 ,0
98280 ,0
98292 ,0
98304 ,0
98316 ,0
98328 ,0
98340 ,0
98352 ,0
98364 ,0
98376 ,0
98388 ,0
98400 ,0
98412 ,0
98424 ,0
98436 ,0
98448 ,0
98460 ,0
98472 ,0
98484 ,0
98496 ,0
98508 ,0
98520 ,0
98532 ,0
98544 ,0
98556 ,0
98568 ,0
98580 ,0
98592 ,0
98604 ,0
98616 ,0
98628 ,0
98640 ,1
98652 ,0
98664 ,0
98676 ,0
98688 ,0
98700 ,0
98712 ,0
98724 ,0
98736 ,0
98748 ,0
98760 ,0
98772 ,0
98784 ,0
98796 ,0
98808 ,0
98820 ,0
98832 ,0
98844 ,0
98856 ,0
98868 ,0
98880 ,0
98892 ,0
98904 ,1
98916 ,0
98928 ,0
98940 ,0
98952 ,0
98964 ,0
98976 ,0
98988 ,0
99000 ,0
99012 ,0
99024 ,0
99036 ,0
99048 ,0
99060 ,0
99072 ,0
99084 ,0
99096 ,0
99108 ,0
99120 ,0
99132 ,0
99144 ,1
99156 ,0
99168 ,0
99180 ,0
99192 ,0
99204 ,0
99216 ,0
99228 ,1
99240 ,0
99252 ,0
99264 ,0
99276 ,0
99288 ,0
99300 ,0
99312 ,0
99324 ,0
99336 ,0
99348 ,0
99360 ,0
99372 ,0
99384 ,1
99396 ,0
99408 ,0
99420 ,0
99432 ,0
99444 ,0
99456 ,0
99468 ,0
99480 ,0
99492 ,0
99504 ,0
99516 ,0
99528 ,0
99540 ,0
99552 ,1
99564 ,0
99576 ,0
99588 ,0
99600 ,1
99612 ,0
99624 ,0
99636 ,0
99648 ,0
99660 ,0
99672 ,0
99684 ,0
99696 ,1
99708 ,0
99720 ,0
99732 ,0
99744 ,0
99756 ,0
99768 ,1
99780 ,0
99792 ,0
99804 ,0
99816 ,0
99828 ,0
99840 ,0
99852 ,0
99864 ,0
99876 ,0
99888 ,0
99900 ,0
99912 ,0
99924 ,0
99936 ,0
99948 ,0
99960 ,0
99972 ,0
99984 ,0
99996 ,0

